

ID: 39
ERROR: 10170.605

opt_tag_in_cam_frame
array([[ -0.99379752,   0.02602403,  -0.10811681, -10.19411264],
       [  0.10634582,   0.5066534 ,  -0.85556584,   4.79323779],
       [  0.03251247,  -0.86175698,  -0.50627843,   1.7857851 ],
       [  0.        ,   0.        ,   0.        ,   1.        ]])

np.reshape(next_tag_id[observation]["tag_pose"], [4,4])
array([[-0.99978405, -0.01002225, -0.01818907,  0.00054344],
       [-0.00936635,  0.99931514, -0.03579363,  0.03492868],
       [ 0.01853534, -0.03561556, -0.99919325,  0.99618053],
       [ 0.        ,  0.        ,  0.        ,  1.        ]])


ID : 49
ERROR: 389.15

opt_tag_in_cam_frame
array([[ 0.05219143, -0.01139966, -0.99857203,  1.60104808],
       [ 0.04804686,  0.99880551, -0.0088911 ,  0.66301052],
       [ 0.9974806 , -0.04751421,  0.0526768 ,  8.50633613],
       [ 0.        ,  0.        ,  0.        ,  1.        ]])

np.reshape(next_tag_id[observation]["tag_pose"], [4,4])
array([[-0.99977326, -0.01401697,  0.01602899, -0.03380695],
       [-0.01426648,  0.9997772 , -0.01555945,  0.01702338],
       [-0.0158073 , -0.0157846 , -0.99975049,  0.95005703],
       [ 0.        ,  0.        ,  0.        ,  1.00000012]])