{"camera_intrinsics":"1568.134644,1568.134644,933.480286,717.633850,1.000000,1920.000000,1440.000000","map_id":"1134281385524166-Test","pose_data":[[-0.039231728762388229,-0.98400449752807617,0.17376972734928131,0,0.97765845060348511,-0.0018600608455017209,0.21019154787063599,0,-0.20650620758533478,0.17813359200954437,0.9620932936668396,0,23.829811096191406,0.6185184121131897,-22.381223678588867,1,1134018.791027708,1361],[-0.030749553814530373,-0.98386955261230469,0.17622499167919159,0,0.97691267728805542,0.0077087879180908203,0.21350020170211792,0,-0.21141481399536133,0.17872145771980286,0.96091747283935547,0,23.828405380249023,0.61779558658599854,-22.380895614624023,0.99999994039535522,1134018.8910256249,1362],[-0.022301647812128067,-0.98413777351379395,0.17599858343601227,0,0.9758906364440918,0.016802078112959862,0.21761268377304077,0,-0.21711800992488861,0.17660847306251526,0.96003615856170654,0,23.825511932373047,0.61622214317321777,-22.38197135925293,1,1134018.9910234159,1363],[-0.02546774223446846,-0.98405694961547852,0.17602096498012543,0,0.97496020793914795,0.01446108240634203,0.22190862894058228,0,-0.22091615200042725,0.17726494371891022,0.95904803276062012,0,23.822479248046875,0.61398601531982422,-22.384422302246094,0.99999994039535522,1134019.091021416,1364],[-0.022042578086256981,-0.98477768898010254,0.17241542041301727,0,0.97340112924575806,0.018197610974311829,0.22838373482227325,0,-0.22804474830627441,0.17286351323127747,0.95818257331848145,0,23.816875457763672,0.61195588111877441,-22.386869430541992,1,1134019.1910192911,1365],[-0.022504955530166626,-0.98483526706695557,0.17202615737915039,0,0.97165852785110474,0.01895444467663765,0.23562780022621155,0,-0.2353152334690094,0.17245346307754517,0.95649701356887817,0,23.811729431152344,0.60996294021606445,-22.393709182739258,1,1134019.2910172909,1366],[-0.02952314168214798,-0.98550808429718018,0.16703979671001434,0,0.9711918830871582,0.011251403950154781,0.23803301155567169,0,-0.23646289110183716,0.16925518214702606,0.95678526163101196,0,23.808708190917969,0.60715925693511963,-22.406822204589844,1,1134019.391015166,1367],[-0.036836579442024231,-0.9846760630607605,0.17045815289020538,0,0.97034788131713867,0.0055314493365585804,0.24164870381355286,0,-0.23888856172561646,0.174305260181427,0.95527476072311401,0,23.808433532714844,0.60399043560028076,-22.427719116210938,0.99999988079071045,1134019.4910130829,1368],[-0.026969969272613525,-0.98612844944000244,0.16377831995487213,0,0.96802276372909546,0.015113320201635361,0.25040686130523682,0,-0.2494085431098938,0.16529460251331329,0.95418721437454224,0,23.81341552734375,0.59938180446624756,-22.456089019775391,1,1134019.591010958,1369],[-0.027544215321540833,-0.98570126295089722,0.16623571515083313,0,0.9677424430847168,0.015367746353149414,0.25147253274917603,0,-0.25043147802352905,0.16779994964599609,0.95348161458969116,0,23.825275421142578,0.5936436653137207,-22.497840881347656,1,1134019.691008833,1370],[-0.030950836837291718,-0.98612946271896362,0.16306668519973755,0,0.96597534418106079,0.012400398030877113,0.25833696126937866,0,-0.25677576661109924,0.16551414132118225,0.95219284296035767,0,23.844593048095703,0.58679580688476562,-22.549808502197266,1,1134019.791006916,1371],[-0.034100145101547241,-0.98571962118148804,0.16490587592124939,0,0.96786594390869141,0.0085622277110815048,0.25132110714912415,0,-0.24914412200450897,0.16817685961723328,0.95375245809555054,0,23.865730285644531,0.57919216156005859,-22.613574981689453,1,1134019.8910045831,1372],[-0.035131070762872696,-0.98624861240386963,0.16149167716503143,0,0.96921628713607788,0.0057799266651272774,0.24614305794239044,0,-0.24369163811206818,0.16516762971878052,0.95568513870239258,0,23.892080307006836,0.57664138078689575,-22.678630828857422,0.99999994039535522,1134019.9910026251,1373],[-0.048877086490392685,-0.98259329795837402,0.1792246401309967,0,0.9709094762802124,-0.0046290410682559013,0.23940211534500122,0,-0.23440529406070709,0.18571217358112335,0.95423531532287598,0,23.921197891235352,0.58154863119125366,-22.745086669921875,1,1134020.0910004999,1374],[-0.035444725304841995,-0.98255378007888794,0.18256984651088715,0,0.96642756462097168,0.012819845229387283,0.25661936402320862,0,-0.25448283553123474,0.18553632497787476,0.94911259412765503,0,23.950014114379883,0.58501154184341431,-22.816745758056641,1,1134020.1909985,1375],[-0.053865619003772736,-0.97886013984680176,0.19731009006500244,0,0.96037131547927856,0.0033304854296147823,0.27870380878448486,0,-0.27346920967102051,0.20450349152088165,0.93988978862762451,0,23.980422973632812,0.5832369327545166,-22.895229339599609,1,1134020.29099625,1376],[-0.072826482355594635,-0.97764968872070312,0.1972242146730423,0,0.95196139812469482,-0.0091663254424929619,0.30608081817626953,0,-0.29743200540542603,0.2100406289100647,0.93135231733322144,0,24.011062622070312,0.57340705394744873,-22.976861953735352,1,1134020.3909940829,1377],[-0.078212626278400421,-0.98061066865921021,0.17968147993087769,0,0.94559204578399658,-0.015874411910772324,0.32496735453605652,0,-0.31581413745880127,0.19532191753387451,0.92849928140640259,0,24.039745330810547,0.56524914503097534,-23.062520980834961,1.0000001192092896,1134020.490992208,1378],[-0.090376667678356171,-0.97905647754669189,0.18242922425270081,0,0.93348097801208496,-0.019444318488240242,0.35809949040412903,0,-0.34705239534378052,0.20265805721282959,0.9156879186630249,0,24.06825065612793,0.55827838182449341,-23.154117584228516,1,1134020.5909899999,1379],[-0.09518316388130188,-0.97859013080596924,0.18248717486858368,0,0.91668140888214111,-0.01469113677740097,0.39934885501861572,0,-0.38811776041984558,0.20529386401176453,0.89845371246337891,0,24.096639633178711,0.55920839309692383,-23.246448516845703,1,1134020.690988041,1380],[-0.10352107882499695,-0.97546213865280151,0.19431151449680328,0,0.90999865531921387,-0.014030785299837589,0.41437357664108276,0,-0.4014793336391449,0.21971961855888367,0.88912183046340942,0,24.12504768371582,0.56849926710128784,-23.339084625244141,0.99999994039535522,1134020.7909858329,1381],[-0.1133209764957428,-0.97229796648025513,0.20443825423717499,0,0.90563744306564331,-0.01645626500248909,0.42373344302177429,0,-0.40863087773323059,0.23316480219364166,0.88241428136825562,0,24.156801223754883,0.57267093658447266,-23.430706024169922,0.99999994039535522,1134020.8909835829,1382],[-0.11165886372327805,-0.97317427396774292,0.20115700364112854,0,0.8976898193359375,-0.011952873319387436,0.44046586751937866,0,-0.42624565958976746,0.22975848615169525,0.87494319677352905,0,24.192283630371094,0.57049137353897095,-23.521646499633789,1.0000001192092896,1134020.990981708,1383],[-0.11724014580249786,-0.97505301237106323,0.1884845644235611,0,0.89180225133895874,-0.019857348874211311,0.4519895613193512,0,-0.43697097897529602,0.22108225524425507,0.87188249826431274,0,24.236944198608398,0.5636826753616333,-23.61607551574707,1.0000001192092896,1134021.0909794581,1384],[-0.11942648142576218,-0.97734272480010986,0.1747526228427887,0,0.88232183456420898,-0.023769406601786613,0.47004583477973938,0,-0.45524212718009949,0.21032395958900452,0.86516958475112915,0,24.287742614746094,0.55405360460281372,-23.70903205871582,0.99999994039535522,1134021.1909775001,1385],[-0.12933564186096191,-0.97443002462387085,0.18373487889766693,0,0.87098854780197144,-0.02306976355612278,0.49076148867607117,0,-0.47397398948669434,0.22350390255451202,0.85170102119445801,0,24.345609664916992,0.55010104179382324,-23.804916381835938,1,1134021.290975291,1386],[-0.15141257643699646,-0.96876859664916992,0.19637115299701691,0,0.85783451795578003,-0.030079133808612823,0.51304501295089722,0,-0.49111509323120117,0.2461353987455368,0.83559757471084595,0,24.404644012451172,0.55940425395965576,-23.89599609375,1,1134021.3909732499,1387],[-0.16216477751731873,-0.9703826904296875,0.17905329167842865,0,0.83379960060119629,-0.03771127387881279,0.55077767372131348,0,-0.52771282196044922,0.23861128091812134,0.8152201771736145,0,24.457439422607422,0.57179194688796997,-23.985860824584961,0.99999994039535522,1134021.4909711659,1388],[-0.17921742796897888,-0.96855610609054565,0.17256937921047211,0,0.81370145082473755,-0.047339577227830887,0.57935220003128052,0,-0.55296576023101807,0.24424993991851807,0.79659956693649292,0,24.511995315551758,0.57530748844146729,-24.07911491394043,0.99999994039535522,1134021.5909689581,1389],[-0.17966176569461823,-0.97118586301803589,0.15658764541149139,0,0.79234743118286133,-0.048525966703891754,0.60813719034194946,0,-0.58301568031311035,0.23333081603050232,0.77823489904403687,0,24.565736770629883,0.56723207235336304,-24.167268753051758,1,1134021.6909669579,1390],[-0.17827865481376648,-0.97358101606369019,0.14267738163471222,0,0.77113014459609985,-0.048169486224651337,0.6348528265953064,0,-0.61120796203613281,0.22320353984832764,0.75934523344039917,0,24.61992073059082,0.56004643440246582,-24.257543563842773,1.0000001192092896,1134021.790964833,1391],[-0.17630121111869812,-0.97550642490386963,0.13154922425746918,0,0.73871856927871704,-0.04279816523194313,0.67265385389328003,0,-0.65054804086685181,0.21576753258705139,0.72817009687423706,0,24.671834945678711,0.55755704641342163,-24.34556770324707,1,1134021.8909627909,1392],[-0.19966296851634979,-0.97067898511886597,0.13385459780693054,0,0.72403246164321899,-0.054105009883642197,0.6876407265663147,0,-0.66023612022399902,0.23421145975589752,0.71360588073730469,0,24.728300094604492,0.56287103891372681,-24.432474136352539,1,1134021.99096075,1393],[-0.21086229383945465,-0.96478784084320068,0.1572311669588089,0,0.70000153779983521,-0.036761969327926636,0.71319466829299927,0,-0.68230134248733521,0.26044788956642151,0.68310469388961792,0,24.789535522460938,0.56859123706817627,-24.524492263793945,1,1134022.090958708,1394],[-0.20705215632915497,-0.96569907665252686,0.15669915080070496,0,0.68351709842681885,-0.028196075931191444,0.72938978672027588,0,-0.69995278120040894,0.25812825560569763,0.66590988636016846,0,24.855667114257812,0.56589508056640625,-24.613037109375,1,1134022.1909565411,1395],[-0.20386725664138794,-0.96798700094223022,0.14642176032066345,0,0.675434410572052,-0.030805008485913277,0.73677647113800049,0,-0.70867949724197388,0.24910286068916321,0.66009193658828735,0,24.929988861083984,0.55614173412322998,-24.701374053955078,1,1134022.2909543749,1396],[-0.18258650600910187,-0.97394990921020508,0.13447564840316772,0,0.66571152210235596,-0.021814100444316864,0.74589031934738159,0,-0.72352641820907593,0.22571147978305817,0.65235263109207153,0,25.007465362548828,0.55075407028198242,-24.788091659545898,0.99999994039535522,1134022.390952416,1397],[-0.16587953269481659,-0.97926425933837891,0.11629901826381683,0,0.65715956687927246,-0.021838368847966194,0.75343507528305054,0,-0.73527240753173828,0.20140646398067474,0.64715534448623657,0,25.088155746459961,0.55354934930801392,-24.867530822753906,1,1134022.4909502079,1398],[-0.15777300298213959,-0.98138487339019775,0.10950566083192825,0,0.63309526443481445,-0.015423798933625221,0.77392029762268066,0,-0.75782465934753418,0.19143122434616089,0.62374353408813477,0,25.166135787963867,0.57000946998596191,-24.942995071411133,1,1134022.590948208,1399],[-0.19033585488796234,-0.97627538442611694,0.10324054211378098,0,0.61182761192321777,-0.035721149295568466,0.79018425941467285,0,-0.7677496075630188,0.21356576681137085,0.6041111946105957,0,25.24444580078125,0.58556675910949707,-25.019136428833008,1,1134022.6909460831,1400],[-0.18749642372131348,-0.97738426923751831,0.097801089286804199,0,0.59017938375473022,-0.032503563910722733,0.80661755800247192,0,-0.78519636392593384,0.20895807445049286,0.58292639255523682,0,25.3167724609375,0.58709412813186646,-25.097639083862305,1,1134022.790944,1401],[-0.18063294887542725,-0.97927534580230713,0.091605417430400848,0,0.5718805193901062,-0.028796268627047539,0.81983137130737305,0,-0.80020278692245483,0.20047590136528015,0.56523013114929199,0,25.384687423706055,0.5799897313117981,-25.176259994506836,1,1134022.89094175,1402],[-0.17874129116535187,-0.98078304529190063,0.078206434845924377,0,0.55071544647216797,-0.033861666917800903,0.83400601148605347,0,-0.81533068418502808,0.19214077293872833,0.54618483781814575,0,25.450094223022461,0.57446163892745972,-25.25389289855957,1,1134022.9909396251,1403],[-0.14315192401409149,-0.98804932832717896,0.057148899883031845,0,0.50508832931518555,-0.023277128115296364,0.86275368928909302,0,-0.851112961769104,0.15237008035182953,0.50238442420959473,0,25.507755279541016,0.57677435874938965,-25.325450897216797,0.99999994039535522,1134023.090937583,1404],[-0.17126508057117462,-0.98396283388137817,0.049853876233100891,0,0.48604738712310791,-0.040367923676967621,0.87299966812133789,0,-0.85698676109313965,0.17374569177627563,0.48516619205474854,0,25.569339752197266,0.5871511697769165,-25.392963409423828,1,1134023.1909354159,1405],[-0.18379673361778259,-0.9809424877166748,0.063012592494487762,0,0.45857271552085876,-0.028867287561297417,0.88818788528442383,0,-0.86944222450256348,0.19214187562465668,0.45513921976089478,0,25.631219863891602,0.59639179706573486,-25.46006965637207,1,1134023.2909334579,1406],[-0.20010307431221008,-0.97808289527893066,0.057555049657821655,0,0.43794640898704529,-0.036740850657224655,0.89824998378753662,0,-0.87644833326339722,0.20494860410690308,0.43569982051849365,0,25.697723388671875,0.59698086977005005,-25.521255493164062,1,1134023.3909312501,1407],[-0.20568390190601349,-0.97730565071105957,0.050674263387918472,0,0.4235004186630249,-0.042209375649690628,0.90491199493408203,0,-0.88223665952682495,0.20758640766143799,0.4225710928440094,0,25.765224456787109,0.58944261074066162,-25.581638336181641,1,1134023.4909293749,1408],[-0.18899476528167725,-0.98104864358901978,0.042715329676866531,0,0.40830984711647034,-0.038949672132730484,0.91201210021972656,0,-0.89306449890136719,0.18980658054351807,0.40793308615684509,0,25.835077285766602,0.58286064863204956,-25.640005111694336,1,1134023.5909271659,1409],[-0.17170783877372742,-0.98483169078826904,0.024958256632089615,0,0.37811130285263062,-0.042488131672143936,0.92478466033935547,0,-0.90969675779342651,0.16822975873947144,0.37967154383659363,0,25.907363891601562,0.58173692226409912,-25.687631607055664,1,1134023.690924916,1410],[-0.18410079181194305,-0.98256003856658936,0.026126889511942863,0,0.33849471807479858,-0.038423176854848862,0.94018340110778809,0,-0.92278283834457397,0.18193233013153076,0.33966514468193054,0,25.98124885559082,0.58726567029953003,-25.725923538208008,0.99999994039535522,1134023.7909230001,1411],[-0.21609479188919067,-0.97615748643875122,0.020486580207943916,0,0.31182846426963806,-0.049116507172584534,0.94886809587478638,0,-0.92523843050003052,0.21143373847007751,0.3150075376033783,0,26.051870346069336,0.59540510177612305,-25.761945724487305,1,1134023.8909207911,1412],[-0.22321383655071259,-0.97464591264724731,0.015522366389632225,0,0.29872056841850281,-0.053237799555063248,0.95285451412200928,0,-0.92786937952041626,0.21732716262340546,0.30303016304969788,0,26.112934112548828,0.59878033399581909,-25.800394058227539,1,1134023.990918875,1413],[-0.2234281450510025,-0.97452116012573242,0.019707394763827324,0,0.28427931666374207,-0.045810479670763016,0.95764642953872681,0,-0.93234395980834961,0.21956758201122284,0.28727155923843384,0,26.167608261108398,0.59408396482467651,-25.840845108032227,1,1134024.0909165831,1414],[-0.21826627850532532,-0.97548919916152954,0.027940826490521431,0,0.2654927670955658,-0.031804215162992477,0.9635881781578064,0,-0.93908125162124634,0.2177368700504303,0.26592713594436646,0,26.215080261230469,0.58742290735244751,-25.879127502441406,1,1134024.1909145829,1415],[-0.21134980022907257,-0.97662848234176636,0.039091356098651886,0,0.24331142008304596,-0.013834417797625065,0.96984958648681641,0,-0.94664186239242554,0.21448887884616852,0.2405487596988678,0,26.25963020324707,0.58101850748062134,-25.913490295410156,1,1134024.2909125411,1416],[-0.23875048756599426,-0.97005927562713623,0.044534359127283096,0,0.2307082861661911,-0.012114847078919411,0.97294753789901733,0,-0.94327723979949951,0.24256615340709686,0.22669312357902527,0,26.308086395263672,0.57746380567550659,-25.944107055664062,1,1134024.390910333,1417],[-0.23538540303707123,-0.97105515003204346,0.040567081421613693,0,0.19691301882266998,-0.0067746709100902081,0.98039764165878296,0,-0.95174521207809448,0.23875944316387177,0.19280803203582764,0,26.349288940429688,0.57684469223022461,-25.971706390380859,1,1134024.4909083331,1418],[-0.25314584374427795,-0.96695238351821899,0.030335156247019768,0,0.19151389598846436,-0.019352640956640244,0.98129910230636597,0,-0.94828242063522339,0.25422137975692749,0.19008386135101318,0,26.383670806884766,0.57437807321548462,-25.991436004638672,0.99999994039535522,1134024.5909062079,1419],[-0.24635843932628632,-0.96826165914535522,0.042153835296630859,0,0.17633754014968872,-0.0020129415206611156,0.98432773351669312,0,-0.95300191640853882,0.249930739402771,0.1712367832660675,0,26.40943717956543,0.57275533676147461,-26.009054183959961,1,1134024.690904208,1420],[-0.25001025199890137,-0.96727222204208374,0.043351080268621445,0,0.17409458756446838,-0.00086468405788764358,0.98472857475280762,0,-0.95246309041976929,0.25373944640159607,0.16861304640769958,0,26.43548583984375,0.5713391900062561,-26.023080825805664,1,1134024.790901958,1421],[-0.24726146459579468,-0.96799701452255249,0.042936444282531738,0,0.17767025530338287,-0.0017332130810245872,0.98408854007720947,0,-0.95252037048339844,0.25095570087432861,0.17241284251213074,0,26.456174850463867,0.57101070880889893,-26.030080795288086,1,1134024.8908998331,1422],[-0.24099303781986237,-0.969673752784729,0.040682662278413773,0,0.17628480494022369,-0.0025142540689557791,0.98433601856231689,0,-0.95438247919082642,0.2443898469209671,0.17154468595981598,0,26.47694206237793,0.57256561517715454,-26.033061981201172,1,1134024.9908978329,1423],[-0.23677699267864227,-0.9710354208946228,0.032044548541307449,0,0.17961961030960083,-0.011336872354149818,0.98367077112197876,0,-0.95481592416763306,0.23866645991802216,0.17710131406784058,0,26.49591064453125,0.57439523935317993,-26.033708572387695,1,1134025.0908956251,1424],[-0.23801608383655548,-0.97069156169891357,0.033258914947509766,0,0.18570716679096222,-0.011871221475303173,0.98253345489501953,0,-0.95334219932556152,0.24003517627716064,0.18308992683887482,0,26.51317024230957,0.57387953996658325,-26.036317825317383,1,1134025.1908936249,1425],[-0.24049659073352814,-0.96986013650894165,0.039150487631559372,0,0.19810831546783447,-0.0095598027110099792,0.9801335334777832,0,-0.9502180814743042,0.24347482621669769,0.1944364458322525,0,26.528627395629883,0.57207435369491577,-26.042795181274414,1,1134025.2908915,1426],[-0.24505971372127533,-0.96794223785400391,0.055077861994504929,0,0.22592450678348541,-0.001767942332662642,0.97414326667785645,0,-0.94281703233718872,0.2511667013168335,0.21911510825157166,0,26.54109001159668,0.57027715444564819,-26.055610656738281,1,1134025.3908894579,1427],[-0.24828116595745087,-0.96623766422271729,0.068856634199619293,0,0.270527184009552,-0.00090837071184068918,0.9627118706703186,0,-0.9301459789276123,0.25765082240104675,0.26161906123161316,0,26.547676086425781,0.56977039575576782,-26.073707580566406,1,1134025.490887291,1428],[-0.2537110447883606,-0.96317124366760254,0.089061088860034943,0,0.3354511559009552,-0.001253204420208931,0.94205677509307861,0,-0.90725040435791016,0.26888579130172729,0.32341486215591431,0,26.549701690673828,0.57133972644805908,-26.100366592407227,1,1134025.5908851661,1429],[-0.24246734380722046,-0.96302473545074463,0.11744337528944016,0,0.41620281338691711,0.0060953348875045776,0.90925139188766479,0,-0.87634742259979248,0.2693440318107605,0.39933565258979797,0,26.547866821289062,0.57229214906692505,-26.140270233154297,1,1134025.6908832081,1430],[-0.24119448661804199,-0.96047669649124146,0.13895939290523529,0,0.50930416584014893,-0.0033896788954734802,0.86057990789413452,0,-0.82609599828720093,0.27833971381187439,0.4899924099445343,0,26.543283462524414,0.57063913345336914,-26.191122055053711,0.99999994039535522,1134025.790881041,1431],[-0.24829734861850739,-0.95468515157699585,0.16408759355545044,0,0.6077888011932373,-0.021639574319124222,0.793803870677948,0,-0.75428205728530884,0.29682996869087219,0.58561992645263672,0,26.535268783569336,0.56612849235534668,-26.251306533813477,1,1134025.8908790001,1432],[-0.23281586170196533,-0.95385408401489258,0.18962886929512024,0,0.69111502170562744,-0.025089647620916367,0.72230923175811768,0,-0.68422001600265503,0.29922038316726685,0.66506415605545044,0,26.52308464050293,0.56093484163284302,-26.319377899169922,1,1134025.9908768749,1433],[-0.21981509029865265,-0.95365285873413086,0.20549347996711731,0,0.75833582878112793,-0.034528139978647232,0.65094906091690063,0,-0.61368417739868164,0.29892146587371826,0.73077887296676636,0,26.508890151977539,0.55640256404876709,-26.390045166015625,1,1134026.0908749159,1434],[-0.19937314093112946,-0.95513999462127686,0.21899266541004181,0,0.81515741348266602,-0.037627182900905609,0.57801598310470581,0,-0.54384607076644897,0.29375436902046204,0.78609132766723633,0,26.495548248291016,0.55629783868789673,-26.458587646484375,0.99999988079071045,1134026.190872666,1435],[-0.18536536395549774,-0.94937407970428467,0.25363042950630188,0,0.86315655708312988,-0.033940061926841736,0.50379413366317749,0,-0.46968093514442444,0.31230878829956055,0.82574987411499023,0,26.485673904418945,0.56115621328353882,-26.52964973449707,0.99999988079071045,1134026.290870541,1436],[-0.13826027512550354,-0.95949465036392212,0.24546708166599274,0,0.89470314979553223,-0.014716873876750469,0.44641882181167603,0,-0.42472398281097412,0.28134214878082275,0.86049765348434448,0,26.480194091796875,0.57059592008590698,-26.594650268554688,1,1134026.3908685001,1437],[-0.13046880066394806,-0.95816373825073242,0.2547549307346344,0,0.91785305738449097,-0.019575798884034157,0.39643740653991699,0,-0.37486487627029419,0.28555026650428772,0.88200759887695312,0,26.487873077392578,0.57616287469863892,-26.66081428527832,1,1134026.490866333,1438],[-0.096271775662899017,-0.96498787403106689,0.24398782849311829,0,0.93260663747787476,-0.0017936920048668981,0.36089012026786804,0,-0.34781697392463684,0.26228818297386169,0.9001268744468689,0,26.502613067626953,0.5812380313873291,-26.724491119384766,1,1134026.5908643331,1439],[-0.072809360921382904,-0.96920794248580933,0.23523341119289398,0,0.94668716192245483,0.0070527973584830761,0.32207721471786499,0,-0.31381884217262268,0.2461426854133606,0.9170231819152832,0,26.526926040649414,0.59336256980895996,-26.788211822509766,0.99999994039535522,1134026.6908622079,1440],[-0.056145481765270233,-0.97835886478424072,0.19915224611759186,0,0.95558404922485352,0.0051445281133055687,0.29467371106147766,0,-0.28932115435600281,0.2068513035774231,0.9346153736114502,0,26.558553695678711,0.62408244609832764,-26.846775054931641,1,1134026.7908601661,1441],[-0.040375996381044388,-0.97728317975997925,0.20805613696575165,0,0.95999139547348022,0.019805245101451874,0.27932819724082947,0,-0.27710339426994324,0.21101024746894836,0.93738377094268799,0,26.589719772338867,0.67001855373382568,-26.901643753051758,1,1134026.8908579999,1442],[-0.045959573239088058,-0.97855162620544434,0.20080941915512085,0,0.96378153562545776,0.0094282412901520729,0.26652640104293823,0,-0.26270312070846558,0.2057858407497406,0.9426766037940979,0,26.614873886108398,0.7174147367477417,-26.950895309448242,0.99999994039535522,1134026.9908557909,1443],[-0.060650713741779327,-0.97980231046676636,0.19054894149303436,0,0.96939492225646973,-0.012321341782808304,0.24519692361354828,0,-0.23789672553539276,0.19958856701850891,0.95056271553039551,0,26.635263442993164,0.74943035840988159,-27.003023147583008,1,1134027.09085375,1444],[-0.065176725387573242,-0.98313295841217041,0.17088437080383301,0,0.97388237714767456,-0.025344645604491234,0.2256338894367218,0,-0.21749712526798248,0.18112736940383911,0.95910775661468506,0,26.650331497192383,0.7662162184715271,-27.057329177856445,0.99999988079071045,1134027.1908516251,1445],[-0.072367437183856964,-0.98327928781509399,0.16710716485977173,0,0.97634094953536987,-0.03560926765203476,0.21328489482402802,0,-0.2037680447101593,0.17858843505382538,0.96259284019470215,0,26.663949966430664,0.78184884786605835,-27.114358901977539,1.0000001192092896,1134027.290849583,1446],[-0.057215176522731781,-0.97947484254837036,0.19327567517757416,0,0.97334015369415283,-0.01165542658418417,0.22906990349292755,0,-0.22211547195911407,0.20122924447059631,0.95402908325195312,0,26.672769546508789,0.8083614706993103,-27.167819976806641,1,1134027.3908475831,1447],[-0.055100739002227783,-0.97298997640609741,0.22417448461055756,0,0.97242337465286255,-0.001335758832283318,0.23321825265884399,0,-0.22661960124969482,0.23084302246570587,0.94623196125030518,0,26.682546615600586,0.85218334197998047,-27.218601226806641,0.99999988079071045,1134027.490845541,1448],[-0.069392487406730652,-0.96755635738372803,0.24293904006481171,0,0.97168439626693726,-0.010419283993542194,0.23605246841907501,0,-0.22586281597614288,0.25244033336639404,0.94088250398635864,0,26.698461532592773,0.89073210954666138,-27.266965866088867,1,1134027.5908433751,1449],[-0.046871993690729141,-0.97696363925933838,0.20819474756717682,0,0.96710419654846191,0.0077851107344031334,0.25426134467124939,0,-0.25002488493919373,0.21326376497745514,0.94446074962615967,0,26.715656280517578,0.91839665174484253,-27.317792892456055,1,1134027.6908411251,1450],[-0.047974035143852234,-0.98383158445358276,0.17255125939846039,0,0.96298724412918091,0.00031739269616082311,0.26954683661460876,0,-0.26524341106414795,0.17909590899944305,0.94740206003189087,0,26.7415771484375,0.94080507755279541,-27.372800827026367,1,1134027.7908391659,1451],[-0.07509920746088028,-0.98037385940551758,0.18228352069854736,0,0.96873742341995239,-0.028382971882820129,0.24645940959453583,0,-0.23644863069057465,0.19509375095367432,0.95185631513595581,0,26.77100944519043,0.97859179973602295,-27.429447174072266,1,1134027.8908369581,1452],[-0.072772882878780365,-0.97718894481658936,0.19951385259628296,0,0.97067803144454956,-0.023442622274160385,0.23923736810684204,0,-0.2291029691696167,0.21107369661331177,0.95024192333221436,0,26.79084587097168,1.0270743370056152,-27.486536026000977,0.99999994039535522,1134027.990834916,1453],[-0.092222414910793304,-0.97579163312911987,0.19830706715583801,0,0.97265517711639404,-0.045646257698535919,0.22772444784641266,0,-0.21315963566303253,0.21388566493988037,0.95331829786300659,0,26.806720733642578,1.0703679323196411,-27.542531967163086,0.99999994039535522,1134028.0908327911,1454],[-0.1036129891872406,-0.97717732191085815,0.18544232845306396,0,0.9751318097114563,-0.06307675689458847,0.21246036887168884,0,-0.19591435790061951,0.20284432172775269,0.95941221714019775,0,26.817956924438477,1.1031523942947388,-27.599567413330078,1,1134028.190830833,1455],[-0.096816182136535645,-0.98341256380081177,0.1533832848072052,0,0.97644531726837158,-0.063991345465183258,0.20605772733688354,0,-0.19282455742359161,0.16972009837627411,0.96644395589828491,0,26.82579231262207,1.1335350275039673,-27.656438827514648,0.99999994039535522,1134028.2908287081,1456],[-0.077171064913272858,-0.98580634593963623,0.14909853041172028,0,0.97622442245483398,-0.044329546391963959,0.21218129992485046,0,-0.20256020128726959,0.16192786395549774,0.96578925848007202,0,26.828954696655273,1.1643116474151611,-27.706777572631836,1,1134028.3908265829,1457],[-0.069550536572933197,-0.98145520687103271,0.17862920463085175,0,0.97224658727645874,-0.026592431589961052,0.23244233429431915,0,-0.22338154911994934,0.18983812630176544,0.95606601238250732,0,26.83317756652832,1.2029719352722168,-27.757612228393555,1,1134028.490824416,1458],[-0.078071840107440948,-0.97758972644805908,0.1955069899559021,0,0.96724116802215576,-0.026759212836623192,0.25244498252868652,0,-0.24155604839324951,0.20881125330924988,0.94765424728393555,0,26.842945098876953,1.2413753271102905,-27.809028625488281,1,1134028.5908222911,1459],[-0.076276183128356934,-0.97962993383407593,0.18576109409332275,0,0.95877403020858765,-0.020913086831569672,0.28339916467666626,0,-0.27374148368835449,0.19971951842308044,0.94083887338638306,0,26.855230331420898,1.2694277763366699,-27.860883712768555,1.0000001192092896,1134028.690820375,1460],[-0.09941834956407547,-0.98174625635147095,0.16214221715927124,0,0.95565271377563477,-0.048810653388500214,0.29042249917984009,0,-0.2772068977355957,0.18382498621940613,0.94306129217147827,0,26.875709533691406,1.2866989374160767,-27.911849975585938,0.99999988079071045,1134028.790818125,1461],[-0.11260738968849182,-0.97997760772705078,0.16420572996139526,0,0.95608246326446533,-0.061856098473072052,0.28649649024009705,0,-0.27060297131538391,0.18925581872463226,0.94390487670898438,0,26.897300720214844,1.3056691884994507,-27.966859817504883,1.0000001192092896,1134028.890816208,1462],[-0.11357243359088898,-0.9679749608039856,0.22388762235641479,0,0.95884394645690918,-0.047764576971530914,0.27988737821578979,0,-0.26023009419441223,0.24646078050136566,0.93356162309646606,0,26.917448043823242,1.3390209674835205,-28.032411575317383,1,1134028.990813958,1463],[-0.10800384730100632,-0.96728092432022095,0.22957108914852142,0,0.95890021324157715,-0.04041188582777977,0.28085100650787354,0,-0.26238438487052917,0.25046873092651367,0.93189048767089844,0,26.933122634887695,1.3822228908538818,-28.092987060546875,1,1134029.0908117909,1464],[-0.12818995118141174,-0.96037858724594116,0.24746762216091156,0,0.96598172187805176,-0.064399123191833496,0.25046360492706299,0,-0.22460317611694336,0.27115610241889954,0.93596351146697998,0,26.945886611938477,1.4165977239608765,-28.157550811767578,1,1134029.19080975,1465],[-0.12016564607620239,-0.9673382043838501,0.22319675981998444,0,0.96858477592468262,-0.06493145227432251,0.24005699157714844,0,-0.21772384643554688,0.24503158032894135,0.94475162029266357,0,26.95347785949707,1.4388437271118164,-28.218647003173828,0.99999988079071045,1134029.290807625,1466],[-0.12241650372743607,-0.9672551155090332,0.22233234345912933,0,0.9688265323638916,-0.067847087979316711,0.23826898634433746,0,-0.21538227796554565,0.24456949532032013,0.94540798664093018,0,26.962368011474609,1.4631251096725464,-28.277803421020508,1,1134029.3908056661,1467],[-0.12500497698783875,-0.95892500877380371,0.25463041663169861,0,0.9597775936126709,-0.05184558779001236,0.27593305706977844,0,-0.25139763951301575,0.27888154983520508,0.92683559656143188,0,26.970783233642578,1.4977242946624756,-28.331813812255859,1,1134029.4908035409,1468],[-0.12901736795902252,-0.9558601975440979,0.26398056745529175,0,0.95553493499755859,-0.048652954399585724,0.29083651304244995,0,-0.2651556134223938,0.28976559638977051,0.91963487863540649,0,26.980991363525391,1.543942928314209,-28.376468658447266,1,1134029.59080125,1469],[-0.12327362596988678,-0.95983988046646118,0.25201389193534851,0,0.95352840423583984,-0.044209666550159454,0.29804196953773499,0,-0.27493113279342651,0.27704310417175293,0.92068451642990112,0,26.992801666259766,1.5849384069442749,-28.417427062988281,0.99999994039535522,1134029.6907993751,1470],[-0.11656201630830765,-0.96591746807098389,0.23112067580223083,0,0.9475598931312561,-0.038434330374002457,0.31725889444351196,0,-0.29756295680999756,0.25598099827766418,0.91974449157714844,0,27.006555557250977,1.6134940385818481,-28.461429595947266,1,1134029.790797208,1471],[-0.10373545438051224,-0.97416424751281738,0.20060649514198303,0,0.94394814968109131,-0.032880771905183792,0.32845208048820496,0,-0.31337019801139832,0.22343425452709198,0.92297142744064331,0,27.022737503051758,1.6395391225814819,-28.505071640014648,1,1134029.8907951249,1472],[-0.10048245638608932,-0.97436004877090454,0.20131029188632965,0,0.94970941543579102,-0.033618640154600143,0.31132274866104126,0,-0.29657268524169922,0.22246873378753662,0.92873698472976685,0,27.040060043334961,1.6777383089065552,-28.550748825073242,1,1134029.990793,1473],[-0.11346574127674103,-0.96894329786300659,0.21971435844898224,0,0.9504207968711853,-0.041411031037569046,0.30819684267044067,0,-0.28952661156654358,0.2437908798456192,0.92560267448425293,0,27.056131362915039,1.7245439291000366,-28.600784301757812,1,1134030.0907909579,1474],[-0.10140327364206314,-0.97342479228973389,0.20533262193202972,0,0.95430219173431396,-0.036854922771453857,0.29656210541725159,0,-0.28111341595649719,0.22602169215679169,0.93267858028411865,0,27.063549041748047,1.7687515020370483,-28.648715972900391,1,1134030.1907889161,1475],[-0.0719708651304245,-0.98316562175750732,0.16794511675834656,0,0.95736891031265259,-0.020866706967353821,0.28811344504356384,0,-0.27975878119468689,0.18152119219303131,0.94275397062301636,0,27.067564010620117,1.7968271970748901,-28.694158554077148,0.99999994039535522,1134030.2907866661,1476],[-0.076786905527114868,-0.98407495021820068,0.16031290590763092,0,0.96112221479415894,-0.03028482012450695,0.2744574248790741,0,-0.26523160934448242,0.17515504360198975,0.94814181327819824,0,27.073543548583984,1.8137568235397339,-28.745759963989258,1,1134030.3907845831,1477],[-0.083473548293113708,-0.9814494252204895,0.17259529232978821,0,0.96261632442474365,-0.034628305584192276,0.26864621043205261,0,-0.25768598914146423,0.1885678768157959,0.94764983654022217,0,27.076528549194336,1.83405601978302,-28.798128128051758,1,1134030.490782416,1478],[-0.069846287369728088,-0.97939038276672363,0.18951509892940521,0,0.95317953824996948,-0.009489583782851696,0.30225586891174316,0,-0.29422804713249207,0.20175336301326752,0.93419778347015381,0,27.076774597167969,1.8663997650146484,-28.847387313842773,0.99999994039535522,1134030.5907805411,1479],[-0.069778308272361755,-0.97520333528518677,0.21002237498760223,0,0.94771444797515869,0.00091474002692848444,0.31911823153495789,0,-0.3113972544670105,0.22130879759788513,0.92415052652359009,0,27.082195281982422,1.9038627147674561,-28.893537521362305,1,1134030.6907782911,1480],[-0.10767878592014313,-0.96793615818023682,0.22694697976112366,0,0.94674021005630493,-0.030155304819345474,0.32058343291282654,0,-0.30346059799194336,0.24937982857227325,0.91963112354278564,0,27.096561431884766,1.9317501783370972,-28.93598747253418,1,1134030.7907763331,1481],[-0.11297978460788727,-0.97084611654281616,0.21140770614147186,0,0.93624424934387207,-0.032778285443782806,0.34981697797775269,0,-0.33268889784812927,0.23745155334472656,0.91265249252319336,0,27.1123046875,1.9455703496932983,-28.98259162902832,0.99999988079071045,1134030.890774166,1482],[-0.12367218732833862,-0.96816009283065796,0.21764950454235077,0,0.93318837881088257,-0.038886226713657379,0.35727789998054504,0,-0.33743861317634583,0.24729329347610474,0.90828472375869751,0,27.134357452392578,1.9587756395339966,-29.036699295043945,1,1134030.9907719579,1483],[-0.13607239723205566,-0.95901626348495483,0.24854002892971039,0,0.93755680322647095,-0.0435936339199543,0.34508973360061646,0,-0.32011187076568604,0.27997756004333496,0.90506404638290405,0,27.159303665161133,1.9893020391464233,-29.091936111450195,1.0000001192092896,1134031.090769958,1484],[-0.12785623967647552,-0.95814788341522217,0.25613546371459961,0,0.93370592594146729,-0.029200807213783264,0.35684803128242493,0,-0.33443382382392883,0.28478044271469116,0.8983619213104248,0,27.179403305053711,2.0366311073303223,-29.145118713378906,0.99999994039535522,1134031.1907677499,1485],[-0.14567126333713531,-0.95609217882156372,0.25429835915565491,0,0.9338686466217041,-0.04802936315536499,0.35437637567520142,0,-0.32660269737243652,0.28910368680953979,0.89986097812652588,0,27.194576263427734,2.0797257423400879,-29.198921203613281,0.99999994039535522,1134031.290765791,1486],[-0.14414581656455994,-0.9587063193321228,0.24516160786151886,0,0.93922948837280273,-0.054546043276786804,0.33892896771430969,0,-0.31156075000762939,0.27911818027496338,0.90830779075622559,0,27.203699111938477,2.1129603385925293,-29.258258819580078,1.0000001192092896,1134031.390763625,1487],[-0.12662805616855621,-0.96909767389297485,0.21169561147689819,0,0.94194686412811279,-0.050571136176586151,0.33193182945251465,0,-0.31096866726875305,0.24143789708614349,0.91924220323562622,0,27.206846237182617,2.1419136524200439,-29.313787460327148,0.99999994039535522,1134031.4907616661,1488],[-0.12155423313379288,-0.97597599029541016,0.18081885576248169,0,0.9417756199836731,-0.055865034461021423,0.33156871795654297,0,-0.31350165605545044,0.21059434115886688,0.92594099044799805,0,27.206506729125977,2.1744010448455811,-29.361352920532227,1.0000001192092896,1134031.5907594999,1489],[-0.12785276770591736,-0.97104108333587646,0.20182375609874725,0,0.93806403875350952,-0.052327312529087067,0.34248748421669006,0,-0.32200849056243896,0.23311157524585724,0.91758900880813599,0,27.206796646118164,2.2148282527923584,-29.408956527709961,0.99999994039535522,1134031.690757375,1490],[-0.12073966860771179,-0.96821391582489014,0.21905189752578735,0,0.93481475114822388,-0.036656785756349564,0.3532387912273407,0,-0.3339809775352478,0.24742285907268524,0.90952658653259277,0,27.211980819702148,2.2598090171813965,-29.456918716430664,1,1134031.790755291,1491],[-0.11038512736558914,-0.9689253568649292,0.221356600522995,0,0.92984271049499512,-0.022021355107426643,0.36729758977890015,0,-0.35100942850112915,0.24637101590633392,0.90337902307510376,0,27.220794677734375,2.2916154861450195,-29.504262924194336,0.99999994039535522,1134031.890753208,1492],[-0.084519833326339722,-0.97695469856262207,0.19599977135658264,0,0.92343950271606445,-0.002904306398704648,0.38373300433158875,0,-0.37432053685188293,0.21342699229717255,0.90240401029586792,0,27.232156753540039,2.3102850914001465,-29.547929763793945,1,1134031.9907511659,1493],[-0.047995224595069885,-0.98354429006576538,0.17417550086975098,0,0.92200553417205811,0.023446904495358467,0.38646620512008667,0,-0.38419046998023987,0.17913930118083954,0.90570789575576782,0,27.24662971496582,2.3307023048400879,-29.594343185424805,1,1134032.0907490409,1494],[-0.041997414082288742,-0.97991549968719482,0.19494009017944336,0,0.92923390865325928,0.033379204571247101,0.36798089742660522,0,-0.36709713935852051,0.19659921526908875,0.90916901826858521,0,27.266477584838867,2.36551833152771,-29.649824142456055,0.99999988079071045,1134032.190747041,1495],[-0.061881281435489655,-0.97409301996231079,0.2175167053937912,0,0.9309920072555542,0.022219650447368622,0.36436271667480469,0,-0.35975635051727295,0.22505353391170502,0.90549778938293457,0,27.290306091308594,2.4143860340118408,-29.706029891967773,1,1134032.290744791,1496],[-0.084539309144020081,-0.97244095802307129,0.21728251874446869,0,0.93236100673675537,-0.00027487377519719303,0.3615286648273468,0,-0.35150551795959473,0.23314911127090454,0.90668922662734985,0,27.310031890869141,2.460075855255127,-29.758674621582031,1,1134032.3907426661,1497],[-0.079808004200458527,-0.98058795928955078,0.17910309135913849,0,0.93545663356781006,-0.011614121496677399,0.35325056314468384,0,-0.3443131148815155,0.1957353800535202,0.91822445392608643,0,27.323143005371094,2.4860470294952393,-29.809682846069336,1,1134032.4907407081,1498],[-0.087214924395084381,-0.9823647141456604,0.16538752615451813,0,0.94079911708831787,-0.026634305715560913,0.33791625499725342,0,-0.32755199074745178,0.1850677877664566,0.92653089761734009,0,27.334163665771484,2.4987959861755371,-29.862873077392578,0.99999988079071045,1134032.590738541,1499],[-0.071222104132175446,-0.98168909549713135,0.17667490243911743,0,0.93471711874008179,-0.0038579259999096394,0.35537153482437134,0,-0.34818276762962341,0.19045136868953705,0.91787642240524292,0,27.338996887207031,2.5190670490264893,-29.91290283203125,1,1134032.690736583,1500],[-0.085815712809562683,-0.97694271802902222,0.19549579918384552,0,0.92389982938766479,-0.0045930263586342335,0.38260677456855774,0,-0.37288698554039001,0.21345219016075134,0.90299141407012939,0,27.35285758972168,2.5514819622039795,-29.959041595458984,1,1134032.790734333,1501],[-0.12365543097257614,-0.96736496686935425,0.22116601467132568,0,0.92