{
  "location_data": [],
  "plane_data": [],
  "tag_data": [
    [
      {
        "camera_intrinsics": [
          1597.8880615234375,
          1597.8880615234375,
          954.3689575195312,
          717.8123779296875
        ],
        "pose_id": 10,
        "tag_pose": [
          -0.6278945803642273,
          0.0049738893285393715,
          0.778282642364502,
          0.04217061772942543,
          -0.06673220545053482,
          0.9959529638290405,
          -0.06020249053835869,
          0.05679837614297867,
          -0.7754323482513428,
          -0.08973730355501175,
          -0.6250215768814087,
          0.713456928730011,
          0,
          0,
          0,
          1
        ],
        "tag_id": 306,
        "orig_pose": [
          -0.6273169442738924,
          0.007852181979008839,
          0.7787244664610421,
          0.04534669418509127,
          -0.06273478439438065,
          0.9961898119578624,
          -0.060582219985317765,
          0.061075801570549544,
          -0.7762330824268292,
          -0.08685736462458085,
          -0.6244341438107108,
          0.7671869770568857,
          0,
          0,
          0,
          1
        ],
        "tag_corners_pixel_coordinates": [
          1137.928116074997,
          689.4674447713235,
          940.0476697108195,
          659.9083301430699,
          941.6112076357518,
          1032.1558644165223,
          1142.7765482141415,
          1004.9310818407154
        ],
        "timestamp": 83407.576089666,
        "tag_position_variance": [
          6.363636234270848e-08,
          8.201483255132322e-08,
          3.740172052725505e-06
        ],
        "joint_covar": [
          6.976195573587032e-08,
          2.4148113674215457e-08,
          2.604200087269159e-07,
          3.3315667134776993e-06,
          -3.3973930782153257e-07,
          -7.325458151464413e-06,
          1.0970701696072965e-07,
          2.414811367421571e-08,
          1.433703525910257e-07,
          6.58849275560411e-07,
          4.246741680167864e-05,
          -4.20645906438893e-06,
          -8.912473764833625e-05,
          1.4171003458029316e-06,
          2.604200087269161e-07,
          6.588492755604076e-07,
          6.061543724532743e-06,
          0.00020908072510431502,
          -2.091064828935976e-05,
          -0.0004416256321857548,
          6.85512335910844e-06,
          3.3315667134777557e-06,
          4.246741680167852e-05,
          0.00020908072510431535,
          0.03351605238767013,
          -0.0033212153260023234,
          -0.0700168921177249,
          0.0011032593534542614,
          -3.3973930782151563e-07,
          -4.206459064388896e-06,
          -2.0910648289359537e-05,
          -0.003321215326002323,
          0.0003346744603075677,
          0.006939057507491317,
          -0.00010946931097535811,
          -7.325458151463838e-06,
          -8.91247376483354e-05,
          -0.0004416256321857485,
          -0.07001689211772491,
          0.006939057507491318,
          0.1462922537770984,
          -0.002304747413086299,
          1.097070169607326e-07,
          1.4171003458029267e-06,
          6.855123359108446e-06,
          0.0011032593534542614,
          -0.00010946931097535811,
          -0.002304747413086299,
          3.772777697518834e-05
        ],
        "tag_orientation_variance": [
          0.020524702157899782,
          0.00020701554646390465,
          0.08907836826251003,
          2.331734647092951e-05
        ]
      }
    ],
    [
      {
        "tag_position_variance": [
          8.23068115576434e-08,
          2.073436492195661e-07,
          7.364889742655972e-06
        ],
        "tag_corners_pixel_coordinates": [
          1039.9369662361494,
          783.2014659694692,
          854.8960748808685,
          779.0829786380251,
          863.9267091535874,
          1084.502039613322,
          1050.5879515913173,
          1050.2578920436877
        ],
        "tag_id": 305,
        "timestamp": 83426.576089666,
        "joint_covar": [
          2.2176757886326129e-07,
          1.0408310914780833e-07,
          -1.5945002873162995e-06,
          0.0001402845182722315,
          -1.534456473607654e-05,
          -0.0003030984640392379,
          1.340988159923228e-07,
          1.0408310914781007e-07,
          3.399599340659877e-07,
          1.0283441118213837e-07,
          0.00011019730250357838,
          -1.1984072029062962e-05,
          -0.00023672983831459377,
          1.2563549717248786e-07,
          -1.5945002873162923e-06,
          1.0283441118214806e-07,
          2.7505006631273152e-05,
          -0.0015638897280465037,
          0.00017162871168385869,
          0.003390773573448313,
          -1.1625945670124874e-06,
          0.00014028451827223165,
          0.0001101973025035772,
          -0.001563889728046511,
          0.14127879551323752,
          -0.015437809267720303,
          -0.3053193324172395,
          0.00013728673972402948,
          -1.5344564736076558e-05,
          -1.1984072029062728e-05,
          0.00017162871168386029,
          -0.015437809267720303,
          0.0016964484684385446,
          0.033364564118745235,
          -1.4962489102804949e-05,
          -0.0003030984640392379,
          -0.00023672983831458968,
          0.00339077357344834,
          -0.30531933241723946,
          0.033364564118745235,
          0.6598725925486211,
          -0.00029567613519758574,
          1.340988159923237e-07,
          1.2563549717248762e-07,
          -1.1625945670125032e-06,
          0.00013728673972403037,
          -1.4962489102805047e-05,
          -0.0002956761351975877,
          2.092953096925061e-06
        ],
        "tag_pose": [
          -0.6556858420372009,
          0.03507987782359123,
          0.7542187571525574,
          0.0021742309909313917,
          -0.04447077959775925,
          0.9953916668891907,
          -0.08495822548866272,
          0.11000323295593262,
          -0.7537233233451843,
          -0.08924657106399536,
          -0.6511040925979614,
          0.860145092010498,
          0,
          0,
          0,
          1
        ],
        "orig_pose": [
          -0.649478482476803,
          0.039569244793871625,
          0.7593497057786169,
          0.0023325732349506775,
          -0.038367629232290854,
          0.9956675500144565,
          -0.08469979265206756,
          0.11799013749651445,
          -0.7594113679862338,
          -0.08414514076672783,
          -0.6451464713215331,
          0.9225967811480696,
          0,
          0,
          0,
          1
        ],
        "tag_orientation_variance": [
          0.011160463779020701,
          0.0001379251070459545,
          0.051627071760478975,
          1.9876081423314723e-06
        ],
        "camera_intrinsics": [
          1601.5032958984375,
          1601.5032958984375,
          954.4384765625,
          717.8160400390625
        ],
        "pose_id": 48
      }
    ],
    [
      {
        "joint_covar": [
          1.0325658754232721e-07,
          1.2632319259287247e-08,
          -8.494380072461503e-08,
          2.874793446178012e-05,
          -3.540844095718464e-06,
          -5.458821030977369e-05,
          2.1995841466515678e-06,
          1.263231925928725e-08,
          1.1282179288767653e-07,
          6.209541522163052e-07,
          -1.010765644539532e-05,
          1.238339639999152e-06,
          1.868104017842718e-05,
          -7.430423140210741e-07,
          -8.494380072461588e-08,
          6.20954152216306e-07,
          8.105800217585156e-06,
          -0.0002763585747574345,
          3.388391679372275e-05,
          0.0005178567416731437,
          -2.10344927835407e-05,
          2.8747934461779946e-05,
          -1.0107656445395481e-05,
          -0.0002763585747574349,
          0.02445532613018232,
          -0.003009249752808674,
          -0.046169985804150285,
          0.0018650023865593582,
          -3.5408440957184483e-06,
          1.2383396399991778e-06,
          3.3883916793722835e-05,
          -0.003009249752808674,
          0.00037516307585713874,
          0.005682040557865934,
          -0.00022961298605122643,
          -5.4588210309773475e-05,
          1.868104017842753e-05,
          0.0005178567416731447,
          -0.04616998580415029,
          0.005682040557865934,
          0.08718304238207412,
          -0.0035213040406382695,
          2.199584146651565e-06,
          -7.430423140210777e-07,
          -2.1034492783540636e-05,
          0.0018650023865593578,
          -0.0002296129860512264,
          -0.003521304040638269,
          0.0001436965649485385
        ],
        "tag_pose": [
          -0.5705463290214539,
          -0.006719422526657581,
          0.8212382793426514,
          0.03991496190428734,
          -0.11785363405942917,
          0.9902867674827576,
          -0.07377493381500244,
          0.07192433625459671,
          -0.8127656579017639,
          -0.13887783885002136,
          -0.565796434879303,
          0.7327146530151367,
          0,
          0,
          0,
          1.0000001192092896
        ],
        "timestamp": 83435.576089666,
        "tag_id": 304,
        "tag_position_variance": [
          6.372136597720175e-08,
          9.897059701021584e-08,
          4.105360787717952e-06
        ],
        "camera_intrinsics": [
          1619.5794677734375,
          1619.5794677734375,
          954.2892456054688,
          717.8029174804688
        ],
        "tag_corners_pixel_coordinates": [
          1122.8523440731167,
          729.1080690097671,
          947.3121340293627,
          688.585492189238,
          944.5842843650878,
          1056.8046406168235,
          1125.2812723968898,
          1040.3903509892693
        ],
        "orig_pose": [
          -0.5638609455142827,
          -0.011406204719913035,
          0.8257909739259848,
          0.042504691221493134,
          -0.11820256411435238,
          0.9907248255421021,
          -0.0670259195488118,
          0.07659163344542406,
          -0.8173671072171498,
          -0.135403908911297,
          -0.5599792795193493,
          0.780258229810691,
          0,
          0,
          0,
          1
        ],
        "tag_orientation_variance": [
          0.00787525131214208,
          0.0001249686762189727,
          0.028231932721110468,
          4.6821368500135785e-05
        ],
        "pose_id": 66
      }
    ],
    [
      {
        "timestamp": 83444.076089666,
        "tag_position_variance": [
          7.15580492198429e-08,
          6.547472908562208e-08,
          2.6159436681909363e-06
        ],
        "tag_corners_pixel_coordinates": [
          1206.0312515375695,
          684.3124849235778,
          1054.2495172120664,
          648.7856507917425,
          1069.6579761635055,
          1075.0227327138712,
          1221.6402519173532,
          1031.3279773839365
        ],
        "tag_orientation_variance": [
          0.009808766896015847,
          8.062549050826941e-05,
          0.02932150261831115,
          4.799774705551638e-06
        ],
        "tag_id": 303,
        "camera_intrinsics": [
          1611.8970947265625,
          1611.8970947265625,
          954.4136352539062,
          717.814697265625
        ],
        "orig_pose": [
          -0.49977909236061163,
          0.023744218498354747,
          0.8658273909545167,
          0.08130039847013797,
          -0.06775980393671797,
          0.9954887978227522,
          -0.06641281788833417,
          0.05940739340131612,
          -0.863498389002354,
          -0.09186003209946036,
          -0.4959155842409322,
          0.6855012360682095,
          0,
          0,
          0,
          1
        ],
        "pose_id": 83,
        "joint_covar": [
          8.778373596897589e-07,
          2.0884801146986898e-07,
          -1.7318801033320821e-07,
          0.00042049162493751227,
          -3.739693380104538e-05,
          -0.0007290921885944706,
          8.140172018998887e-06,
          2.0884801146986729e-07,
          1.0878621246232176e-07,
          1.5475480758378779e-07,
          9.456760141573723e-05,
          -8.417874558732248e-06,
          -0.00016406398707737604,
          1.8483073038813893e-06,
          -1.7318801033319763e-07,
          1.547548075837917e-07,
          3.2654621980841004e-06,
          -0.00026494643926107495,
          2.3511221676395443e-05,
          0.00045742287379480054,
          -5.193605592420534e-06,
          0.00042049162493751054,
          9.456760141573756e-05,
          -0.0002649464392610808,
          0.2221331988974049,
          -0.01975363430399216,
          -0.3849928593053791,
          0.004303425554420988,
          -3.7396933801045006e-05,
          -8.417874558732189e-06,
          2.3511221676396978e-05,
          -0.01975363430399216,
          0.0017596053573336896,
          0.03423653664941746,
          -0.0003828460058198427,
          -0.0007290921885944679,
          -0.0001640639870773772,
          0.0004574228737948042,
          -0.38499285930537896,
          0.034236536649417455,
          0.6672645315693446,
          -0.007458460778697166,
          8.14017201899886e-06,
          1.8483073038813785e-06,
          -5.193605592420836e-06,
          0.004303425554420987,
          -0.00038284600581984265,
          -0.007458460778697165,
          8.462045190043386e-05
        ],
        "tag_pose": [
          -0.4968436062335968,
          0.030010277405381203,
          0.8673213720321655,
          0.0762108713388443,
          -0.06669461727142334,
          0.9951258897781372,
          -0.0726383700966835,
          0.05568952485918999,
          -0.8652737736701965,
          -0.093935526907444,
          -0.49242037534713745,
          0.6426029205322266,
          0,
          0,
          0,
          1
        ]
      }
    ],
    [
      {
        "tag_corners_pixel_coordinates": [
          1199.921836173562,
          599.926481531134,
          988.7078054718086,
          554.0829507127098,
          972.9933557211036,
          991.7739821502267,
          1188.4946766785088,
          959.5643358335569
        ],
        "tag_orientation_variance": [
          0.008952946134751748,
          3.894947965328971e-06,
          0.036076754788701475,
          4.71168964613464e-05
        ],
        "camera_intrinsics": [
          1599.6956787109375,
          1599.6956787109375,
          954.2809448242188,
          717.8092651367188
        ],
        "tag_position_variance": [
          5.2656441162528824e-08,
          4.4720371562558224e-08,
          2.1394609051088653e-06
        ],
        "orig_pose": [
          -0.6021439658147869,
          -0.047994673553991715,
          0.7969436339812788,
          0.059583259706789904,
          -0.05760094136951578,
          0.9982017721645382,
          0.016593781995701867,
          0.02408624661010741,
          -0.7963069609052693,
          -0.035912857837006554,
          -0.603825712151936,
          0.6631702277060572,
          0,
          0,
          0,
          1
        ],
        "tag_id": 302,
        "pose_id": 97,
        "joint_covar": [
          5.922759016862313e-08,
          7.215343230565342e-09,
          2.0805058137800336e-07,
          4.939341963018464e-07,
          -3.3828077916028073e-09,
          -1.2970965382405232e-06,
          4.238704572094641e-08,
          7.21534323056535e-09,
          5.637819631268754e-08,
          8.999435334278795e-08,
          -1.097725433111234e-05,
          6.818813888685433e-08,
          2.194345991639384e-05,
          -7.606985033157649e-07,
          2.0805058137800339e-07,
          8.999435334278784e-08,
          2.6105438570770376e-06,
          6.816608981866417e-06,
          -6.6434344092292e-08,
          -1.6263633870971462e-05,
          5.492659424361965e-07,
          4.939341963018419e-07,
          -1.097725433111233e-05,
          6.816608981866768e-06,
          0.011330475937558537,
          -5.9104654207862154e-05,
          -0.02274775036012024,
          0.0008074329576077431,
          -3.38280779160345e-09,
          6.818813888685411e-08,
          -6.643434409229905e-08,
          -5.910465420786216e-05,
          3.989954863383024e-06,
          0.00011861845345104385,
          -4.376080331762116e-06,
          -1.29709653824052e-06,
          2.1943459916393818e-05,
          -1.6263633870972438e-05,
          -0.02274775036012024,
          0.00011861845345104385,
          0.04568400936862869,
          -0.001621404452039814,
          4.238704572094606e-08,
          -7.606985033157653e-07,
          5.492659424362041e-07,
          0.0008074329576077431,
          -4.376080331762116e-06,
          -0.001621404452039814,
          5.864157257657873e-05
        ],
        "tag_pose": [
          -0.6064527630805969,
          -0.03641395643353462,
          0.7942853569984436,
          0.05532827228307724,
          -0.04668271541595459,
          0.9988582730293274,
          0.010149396024644375,
          0.022366531193256378,
          -0.7937480211257935,
          -0.030924266204237938,
          -0.6074602603912354,
          0.6158199310302734,
          0,
          0,
          0,
          1.0000001192092896
        ],
        "timestamp": 83451.076089666
      }
    ],
    [
      {
        "tag_corners_pixel_coordinates": [
          1217.0182511863009,
          712.7007295877645,
          1069.4715073132656,
          682.2753778731536,
          1065.3416363321276,
          1120.9326056404145,
          1215.954200149301,
          1067.0319223716133
        ],
        "joint_covar": [
          1.2210454577319958e-07,
          1.4043365823745787e-08,
          -8.369941145474251e-08,
          6.575437095507363e-05,
          -3.8278286188800396e-06,
          -0.00011024478705713412,
          3.95273702293442e-06,
          1.404336582374547e-08,
          8.234345493126532e-08,
          4.407614473360674e-07,
          -2.7469907520240896e-05,
          1.5832220806601275e-06,
          4.5780432116682184e-05,
          -1.631461406882827e-06,
          -8.369941145474798e-08,
          4.40761447336066e-07,
          5.5175985435524245e-06,
          -0.0005347055873633666,
          3.0935711613482903e-05,
          0.0008929290746544377,
          -3.216225874238528e-05,
          6.57543709550735e-05,
          -2.7469907520241113e-05,
          -0.0005347055873633692,
          0.09449012043796451,
          -0.005484504218052181,
          -0.15803383736895568,
          0.005679583294004008,
          -3.8278286188800285e-06,
          1.5832220806601393e-06,
          3.0935711613483046e-05,
          -0.005484504218052181,
          0.0003210048759965633,
          0.009172910284414746,
          -0.00032980347860864353,
          -0.00011024478705713359,
          4.5780432116681954e-05,
          0.0008929290746544367,
          -0.15803383736895568,
          0.009172910284414745,
          0.26431825698931627,
          -0.009499125636443857,
          3.952737022934382e-06,
          -1.6314614068828545e-06,
          -3.216225874238557e-05,
          0.005679583294004009,
          -0.00032980347860864353,
          -0.009499125636443857,
          0.00034259474409665446
        ],
        "camera_intrinsics": [
          1603.3109130859375,
          1603.3109130859375,
          954.31982421875,
          717.8114013671875
        ],
        "tag_position_variance": [
          6.729879973722706e-08,
          7.081903396215973e-08,
          2.2609176620603195e-06
        ],
        "orig_pose": [
          -0.4808103944376725,
          -0.02280268191396902,
          0.8765280385123002,
          0.08079930821805338,
          -0.08398097773629697,
          0.9962636198573643,
          -0.020149320761672,
          0.07256833535753114,
          -0.8727935380026284,
          -0.08329968455061221,
          -0.48092889554966833,
          0.6624777788787835,
          0,
          0,
          0,
          1
        ],
        "tag_pose": [
          -0.48430195450782776,
          -0.014357403852045536,
          0.8747832775115967,
          0.07621277868747711,
          -0.06761496514081955,
          0.9974891543388367,
          -0.021062012761831284,
          0.06845046579837799,
          -0.872284471988678,
          -0.0693487897515297,
          -0.4840567111968994,
          0.6248817443847656,
          0,
          0,
          0,
          1
        ],
        "pose_id": 122,
        "timestamp": 83463.576089666,
        "tag_orientation_variance": [
          0.014516102624608125,
          5.197573123720115e-05,
          0.04058574147534575,
          5.306266776329735e-05
        ],
        "tag_id": 301
      }
    ],
    [
      {
        "tag_id": 300,
        "tag_orientation_variance": [
          0.016157220586747737,
          1.9013094047628032e-05,
          0.07496220564354267,
          3.5714055714508204e-06
        ],
        "camera_intrinsics": [
          1603.3109130859375,
          1603.3109130859375,
          954.3267822265625,
          717.8123779296875
        ],
        "timestamp": 83472.576089666,
        "pose_id": 140,
        "tag_pose": [
          -0.6439233422279358,
          -0.019617971032857895,
          0.7648380994796753,
          0.06361760944128036,
          -0.04323809966444969,
          0.9990065097808838,
          -0.010778164491057396,
          0.06789398938417435,
          -0.7638669013977051,
          -0.0400104857981205,
          -0.6441318988800049,
          0.5719242095947266,
          0,
          0,
          0,
          0.9999999403953552
        ],
        "joint_covar": [
          8.364464317426295e-08,
          7.021801863966666e-08,
          4.18873879439627e-07,
          -3.5781255515325866e-05,
          1.0854818509420229e-06,
          7.646148373994259e-05,
          -4.671835535144261e-07,
          7.021801863966601e-08,
          1.3719013929025995e-07,
          5.977448674767487e-07,
          -5.524360719942874e-05,
          1.6979993787249528e-06,
          0.00011823653287117237,
          -7.019840286797329e-07,
          4.1887387943962416e-07,
          5.977448674767516e-07,
          3.6772741650218337e-06,
          -0.00027931593802707423,
          8.422664316652259e-06,
          0.0005970814027972686,
          -3.6511564886243586e-06,
          -3.578125551532566e-05,
          -5.524360719942874e-05,
          -0.0002793159380270737,
          0.04012322557319746,
          -0.001237146318903402,
          -0.08606282710449732,
          0.0005172705865253628,
          1.0854818509420044e-06,
          1.6979993787249395e-06,
          8.422664316652135e-06,
          -0.0012371463189034017,
          4.1336375931086335e-05,
          0.002653723568129166,
          -1.6101767815526536e-05,
          7.646148373994197e-05,
          0.00011823653287117226,
          0.0005970814027972662,
          -0.08606282710449734,
          0.0026537235681291663,
          0.18461521439389206,
          -0.0011093045462764529,
          -4.671835535144261e-07,
          -7.019840286797344e-07,
          -3.6511564886243645e-06,
          0.0005172705865253626,
          -1.6101767815526525e-05,
          -0.0011093045462764522,
          7.548492611407223e-06
        ],
        "orig_pose": [
          -0.6443018198294825,
          -0.002861923352358249,
          0.7647659605128502,
          0.06720948783154897,
          -0.019472012527413114,
          0.9997302003922147,
          -0.012663615276626518,
          0.0717233275902178,
          -0.7645233846603708,
          -0.023050722731996244,
          -0.6441837148585674,
          0.6041791026198012,
          0,
          0,
          0,
          1
        ],
        "tag_position_variance": [
          4.557640935163062e-08,
          5.5977745845900466e-08,
          1.4172072003293696e-06
        ],
        "tag_corners_pixel_coordinates": [
          1243.1845086965557,
          705.7957318361653,
          1004.4827561607169,
          682.7115085472102,
          995.7206643814745,
          1158.893207805017,
          1238.3606640874973,
          1094.0132820104366
        ]
      }
    ],
    [
      {
        "tag_corners_pixel_coordinates": [
          1222.9777223751423,
          670.7405448072196,
          1111.9560398139747,
          650.6122853153789,
          1121.5751167476758,
          1099.000129113287,
          1231.3355368128086,
          1027.9547853483741
        ],
        "tag_pose": [
          -0.40197503566741943,
          0.018649056553840637,
          0.915460467338562,
          0.08569135516881943,
          -0.018367372453212738,
          0.9994271397590637,
          -0.028424594551324844,
          0.054430585354566574,
          -0.9154661297798157,
          -0.028240589424967766,
          -0.4014022648334503,
          0.6159610748291016,
          0,
          0,
          0,
          0.9999999403953552
        ],
        "pose_id": 154,
        "camera_intrinsics": [
          1608.2818603515625,
          1608.2818603515625,
          954.4388427734375,
          717.8184204101562
        ],
        "joint_covar": [
          1.4504607341572016e-07,
          1.6395627290423788e-08,
          4.821037847875663e-07,
          3.93820530641184e-05,
          -1.6631276386442915e-06,
          -6.005216091170972e-05,
          5.699730621866583e-07,
          1.63956272904238e-08,
          5.887023696838106e-08,
          1.7126966878836338e-07,
          -6.313219256148531e-06,
          2.5402182979014903e-07,
          9.521147174259165e-06,
          -7.082115348106675e-08,
          4.821037847875669e-07,
          1.7126966878836298e-07,
          2.732031711274632e-06,
          0.00011350990704388184,
          -4.837093975129648e-06,
          -0.00017327357010778725,
          1.6255351793246391e-06,
          3.9382053064118444e-05,
          -6.313219256148566e-06,
          0.00011350990704388164,
          0.023445726913705386,
          -0.0009870487525961338,
          -0.035629430112341716,
          0.00034024530810379387,
          -1.6631276386442976e-06,
          2.5402182979015126e-07,
          -4.837093975129629e-06,
          -0.0009870487525961338,
          4.365115996527053e-05,
          0.0015000001669743667,
          -1.444860793956681e-05,
          -6.005216091171003e-05,
          9.521147174259212e-06,
          -0.0001732735701077869,
          -0.03562943011234171,
          0.0015000001669743662,
          0.0541501731466685,
          -0.000517014077506869,
          5.699730621866581e-07,
          -7.082115348106807e-08,
          1.6255351793246275e-06,
          0.00034024530810379387,
          -1.4448607939566807e-05,
          -0.000517014077506869,
          6.148289921238556e-06
        ],
        "tag_orientation_variance": [
          0.010696148819136301,
          2.1103053623757816e-05,
          0.02456593629738154,
          3.587626663884946e-06
        ],
        "tag_id": 301,
        "orig_pose": [
          -0.3948296699908437,
          0.01021068001940508,
          0.9186975964420842,
          0.0890065482129353,
          -0.037746210530921746,
          0.9989137088318725,
          -0.027324456047807543,
          0.05653704888774577,
          -0.9179786246342975,
          -0.04546585885358986,
          -0.3940153555297413,
          0.6397952139796745,
          0,
          0,
          0,
          1
        ],
        "tag_position_variance": [
          7.152717343579866e-08,
          5.582619599895285e-08,
          2.0748489785330777e-06
        ],
        "timestamp": 83479.576089666
      }
    ],
    [
      {
        "tag_pose": [
          -0.637046217918396,
          0.00015614856965839863,
          0.770825207233429,
          0.017917532473802567,
          -0.023915715515613556,
          0.9995144009590149,
          -0.019967548549175262,
          0.038409505039453506,
          -0.7704541683197021,
          -0.03115510195493698,
          -0.6367331743240356,
          0.6242589950561523,
          0,
          0,
          0,
          1
        ],
        "tag_corners_pixel_coordinates": [
          1109.5702707419316,
          634.1940184582996,
          868.2698844166763,
          606.695448833263,
          867.6135681009097,
          1038.1580238367396,
          1110.7062454542456,
          991.5905190504432
        ],
        "pose_id": 181,
        "tag_orientation_variance": [
          0.03928532293113686,
          1.931605363447509e-05,
          0.17396353507338222,
          3.908164208836845e-05
        ],
        "camera_intrinsics": [
          1603.3109130859375,
          1603.3109130859375,
          954.3800048828125,
          717.8155517578125
        ],
        "orig_pose": [
          -0.6321828838981582,
          -0.010875878502630403,
          0.7747428712631073,
          0.01921055754020579,
          -0.034316482671109795,
          0.9993133241580393,
          -0.013973516997982513,
          0.041176250158008354,
          -0.7740588997765552,
          -0.03542026859025079,
          -0.6321220010802525,
          0.6692258657008753,
          0,
          0,
          0,
          1
        ],
        "timestamp": 83493.076089666,
        "tag_id": 302,
        "joint_covar": [
          7.752094685383565e-08,
          -3.042595614747024e-08,
          1.3925292185210163e-07,
          -6.190292903053915e-05,
          1.1849354686114991e-06,
          0.0001299365127184893,
          -1.9426156797177034e-06,
          -3.042595614747049e-08,
          8.713125593415393e-08,
          7.903152725777332e-08,
          6.137755055893699e-05,
          -1.1565762083061113e-06,
          -0.00012920579041487333,
          1.9448606537065073e-06,
          1.3925292185210206e-07,
          7.903152725777617e-08,
          2.928247511400013e-06,
          -0.00017180781144316822,
          3.182048123965952e-06,
          0.00035770450885049064,
          -5.39835826570276e-06,
          -6.190292903053949e-05,
          6.137755055893673e-05,
          -0.00017180781144316524,
          0.11356577562668586,
          -0.0021690408705962146,
          -0.23864933749936282,
          0.003564921534468865,
          1.1849354686114993e-06,
          -1.1565762083060967e-06,
          3.1820481239660398e-06,
          -0.0021690408705962146,
          4.592362487660589e-05,
          0.004558039018817947,
          -6.817336861545274e-05,
          0.0001299365127184897,
          -0.0001292057904148718,
          0.00035770450885049926,
          -0.23864933749936282,
          0.004558039018817947,
          0.5015210884579515,
          -0.007491436253236394,
          -1.9426156797176945e-06,
          1.944860653706495e-06,
          -5.3983582657027286e-06,
          0.003564921534468864,
          -6.817336861545272e-05,
          -0.007491436253236393,
          0.00011294908825576408
        ],
        "tag_position_variance": [
          4.261442365998465e-08,
          5.0871621853373375e-08,
          2.0710774066664162e-06
        ]
      }
    ],
    [
      {
        "orig_pose": [
          -0.49433434009325894,
          -0.031777299095643224,
          0.86869083307397,
          0.07313808383627943,
          -0.06451625106654137,
          0.9979166346408856,
          -0.0002089385749891176,
          0.06095171793498932,
          -0.8668743931809735,
          -0.05614796139839051,
          -0.49535461325995855,
          0.6265678420425471,
          0,
          0,
          0,
          1
        ],
        "tag_pose": [
          -0.49117136001586914,
          -0.025839202105998993,
          0.870680034160614,
          0.06878461688756943,
          -0.06322290003299713,
          0.997981071472168,
          -0.0060484083369374275,
          0.057323526591062546,
          -0.8687658309936523,
          -0.05801769718527794,
          -0.4918133020401001,
          0.5892753601074219,
          0,
          0,
          0,
          1
        ],
        "tag_orientation_variance": [
          0.018965874009538912,
          1.7521674151709605e-05,
          0.054579839611419316,
          5.280871139403098e-05
        ],
        "pose_id": 200,
        "camera_intrinsics": [
          1606.4742431640625,
          1606.4742431640625,
          954.3005981445312,
          717.8104248046875
        ],
        "tag_position_variance": [
          5.470525309051056e-08,
          5.506624819013995e-08,
          1.806742351200968e-06
        ],
        "joint_covar": [
          6.235609587620912e-08,
          2.0930925655391677e-08,
          2.1523831630979078e-07,
          -3.2762889636041765e-06,
          8.562593329071007e-08,
          5.3250683918646346e-06,
          -1.723497429170786e-07,
          2.093092565539165e-08,
          6.075103556184206e-08,
          2.1016602432133615e-07,
          8.002816773828202e-06,
          -2.3547468374820127e-07,
          -1.3705508879792566e-05,
          4.3851631458937024e-07,
          2.1523831630979073e-07,
          2.1016602432133657e-07,
          2.0217357993733768e-06,
          1.752360615536456e-05,
          -5.842126527373384e-07,
          -3.094523784338389e-05,
          9.05134552374244e-07,
          -3.2762889636041485e-06,
          8.002816773828295e-06,
          1.752360615536423e-05,
          0.020712548009954024,
          -0.0005837856507908524,
          -0.035133075920908766,
          0.0010853151277871456,
          8.562593329071016e-08,
          -2.3547468374820342e-07,
          -5.842126527373275e-07,
          -0.0005837856507908524,
          1.898255991917397e-05,
          0.0009902732518272837,
          -3.072135998161033e-05,
          5.325068391864524e-06,
          -1.370550887979271e-05,
          -3.094523784338304e-05,
          -0.03513307592090876,
          0.0009902732518272837,
          0.059601072181866714,
          -0.0018409946845848236,
          -1.7234974291707981e-07,
          4.385163145893738e-07,
          9.051345523742173e-07,
          0.0010853151277871453,
          -3.072135998161032e-05,
          -0.0018409946845848234,
          5.792618703639226e-05
        ],
        "timestamp": 83502.576089666,
        "tag_corners_pixel_coordinates": [
          1217.4819230221922,
          684.405239131866,
          1056.0470147521382,
          646.787611307061,
          1045.615564247161,
          1115.265089262419,
          1211.354015359731,
          1058.3481100640345
        ],
        "tag_id": 303
      }
    ],
    [
      {
        "timestamp": 83511.576089666,
        "tag_corners_pixel_coordinates": [
          1170.3604108802774,
          624.332778586378,
          1001.3431282229636,
          554.0051270446127,
          1002.660565983364,
          1064.2331845602316,
          1175.5953583772925,
          1023.011171927145
        ],
        "pose_id": 218,
        "tag_orientation_variance": [
          0.01467612769419315,
          9.915927753891469e-05,
          0.0390009150388673,
          4.9270365718543205e-05
        ],
        "joint_covar": [
          4.947309143874546e-08,
          3.889352583903746e-09,
          2.1677076564499174e-07,
          1.7269332603936977e-05,
          -1.4013178022730703e-06,
          -2.8375101300376296e-05,
          9.879738738870058e-07,
          3.889352583903867e-09,
          3.764875084946639e-08,
          4.930764739588167e-08,
          -6.327272372202919e-06,
          5.108587595305303e-07,
          1.0283806939706513e-05,
          -3.4241018066849034e-07,
          2.1677076564499198e-07,
          4.930764739588156e-08,
          2.684313893147309e-06,
          0.00021143207509942213,
          -1.716374741678807e-05,
          -0.0003463068820575177,
          1.2061849475442496e-05,
          1.7269332603936956e-05,
          -6.32727237220289e-06,
          0.00021143207509942346,
          0.03416832224313006,
          -0.0027753748686220963,
          -0.055827768018922475,
          0.001949531094256516,
          -1.401317802273051e-06,
          5.108587595305331e-07,
          -1.7163747416788096e-05,
          -0.0027753748686220963,
          0.00022748626748758134,
          0.004534876396025589,
          -0.00015846477407872357,
          -2.837510130037662e-05,
          1.0283806939706442e-05,
          -0.00034630688205752034,
          -0.055827768018922475,
          0.00453487639602559,
          0.09122306108373093,
          -0.0031854357121991585,
          9.87973873886987e-07,
          -3.424101806684983e-07,
          1.2061849475442428e-05,
          0.0019495310942565167,
          -0.00015846477407872357,
          -0.0031854357121991585,
          0.00011213111651975318
        ],
        "orig_pose": [
          -0.4520531621909618,
          -0.00404398529645706,
          0.8919818298239454,
          0.0512805089606255,
          -0.09016683028210742,
          0.9950747465825824,
          -0.04118484466993853,
          0.034392351286107035,
          -0.8874220423620486,
          -0.09904491353184859,
          -0.4501913191449156,
          0.5738119518331918,
          0,
          0,
          0,
          1
        ],
        "tag_id": 304,
        "tag_pose": [
          -0.45573681592941284,
          -0.00036135269328951836,
          0.8901134133338928,
          0.0488380528986454,
          -0.08859694749116898,
          0.9950523376464844,
          -0.044957563281059265,
          0.03275514394044876,
          -0.8856932520866394,
          -0.09935034811496735,
          -0.453514039516449,
          0.5464935302734375,
          0,
          0,
          0,
          0.9999998807907104
        ],
        "camera_intrinsics": [
          1607.3780517578125,
          1607.3780517578125,
          954.3516845703125,
          717.81103515625
        ],
        "tag_position_variance": [
          3.640839744707967e-08,
          3.5617529925692523e-08,
          1.252112065956903e-06
        ]
      }
    ],
    [
      {
        "joint_covar": [
          8.585724845856467e-08,
          -1.2576288352263677e-08,
          2.79043966925771e-07,
          -5.000020731862588e-05,
          3.376701251485125e-06,
          8.144710429981542e-05,
          -2.6205024865136912e-06,
          -1.2576288352263753e-08,
          4.72143403846679e-08,
          1.4720160345161891e-08,
          2.501144903059882e-05,
          -1.6899899631059819e-06,
          -4.0883454795083193e-05,
          1.329495906950202e-06,
          2.790439669257685e-07,
          1.4720160345162763e-08,
          1.8836314401035627e-06,
          -0.0001799796622820459,
          1.2156475943064602e-05,
          0.0002929479705226321,
          -9.446772583450627e-06,
          -5.0000207318626183e-05,
          2.5011449030598408e-05,
          -0.0001799796622820504,
          0.058934989494079514,
          -0.003974713955222383,
          -0.09620025140638055,
          0.003089817312397663,
          3.376701251485113e-06,
          -1.689989963105971e-06,
          1.2156475943064655e-05,
          -0.003974713955222383,
          0.00027008684694913035,
          0.006488099830433851,
          -0.00020849697278048373,
          8.144710429981504e-05,
          -4.0883454795082855e-05,
          0.00029294797052263464,
          -0.09620025140638057,
          0.006488099830433852,
          0.15703458048826713,
          -0.005043593183992415,
          -2.6205024865136785e-06,
          1.3294959069501907e-06,
          -9.446772583450716e-06,
          0.0030898173123976636,
          -0.0002084969727804838,
