{
  "tag_data": [
    [
      {
        "joint_covar": [
          4.982305960926039e-07,
          2.0250223712201193e-07,
          3.3483786139169367e-06,
          8.073643527628171e-05,
          7.682585272093705e-06,
          0.00013119664872734608,
          2.3381850245813964e-06,
          2.0250223712201262e-07,
          2.1357058851799957e-07,
          1.5013905964190233e-06,
          1.6600125668601058e-05,
          1.5983917583849637e-06,
          2.7540959882162382e-05,
          5.02954062987146e-07,
          3.348378613916949e-06,
          1.5013905964190282e-06,
          2.7234299536947963e-05,
          0.0007216461380251236,
          6.860811573417844e-05,
          0.0011722404823866492,
          2.094409617192085e-05,
          8.073643527628157e-05,
          1.660012566860097e-05,
          0.0007216461380251226,
          0.029553030730915166,
          0.002803472784914224,
          0.04773860293300077,
          0.0008600840089764741,
          7.682585272093751e-06,
          1.5983917583850053e-06,
          6.860811573417878e-05,
          0.002803472784914224,
          0.0002728040506961059,
          0.004529381283293526,
          8.131666679733343e-05,
          0.00013119664872734632,
          2.7540959882162633e-05,
          0.0011722404823866514,
          0.047738602933000786,
          0.004529381283293527,
          0.07713484568005625,
          0.0013893316260108867,
          2.3381850245813837e-06,
          5.029540629871357e-07,
          2.094409617192076e-05,
          0.0008600840089764741,
          8.131666679733342e-05,
          0.0013893316260108863,
          2.702243496252752e-05
        ],
        "orig_pose": [
          -0.4228073706260138,
          -0.04198985458060864,
          -0.9052462534894113,
          0.12642540052594112,
          0.08495014043992374,
          0.9926908022697782,
          -0.08572306998831247,
          0.1023558859448854,
          0.9022291288711274,
          -0.11314514219038849,
          -0.41614994390863824,
          0.9144368952804505,
          0,
          0,
          0,
          1
        ],
        "tag_id": 306,
        "tag_pose": [
          -0.43247926235198975,
          -0.04599432274699211,
          -0.9004700183868408,
          0.11930403858423233,
          0.08240320533514023,
          0.9925022125244141,
          -0.09027191251516342,
          0.09659053385257721,
          0.8978704214096069,
          -0.11324234306812286,
          -0.42544645071029663,
          0.8629297018051147,
          0,
          0,
          0,
          1
        ],
        "tag_orientation_variance": [
          0.006046576682384551,
          6.105942572593779e-05,
          0.015432455541177954,
          7.410012439167949e-06
        ],
        "tag_position_variance": [
          2.474348174322044e-07,
          1.7783832365786893e-07,
          7.490963244315727e-06
        ],
        "timestamp": 82630.396790958,
        "pose_id": 12,
        "camera_intrinsics": [
          1612.8009033203125,
          1612.8009033203125,
          954.22216796875,
          717.8020629882812
        ],
        "tag_corners_pixel_coordinates": [
          1266.7606669393865,
          747.7125826388026,
          1108.5582652594574,
          764.8642730348653,
          1099.2160687688606,
          1029.4729498274219,
          1259.260667318931,
          1057.885770892398
        ]
      }
    ],
    [
      {
        "tag_position_variance": [
          2.2406924994440163e-07,
          1.697904966546774e-07,
          8.24454598074883e-06
        ],
        "camera_intrinsics": [
          1598.3399658203125,
          1598.3399658203125,
          954.2721557617188,
          717.8037719726562
        ],
        "tag_corners_pixel_coordinates": [
          1225.4442486129617,
          724.4619758957817,
          1081.7321756865376,
          749.9371479807714,
          1077.8124528223952,
          1014.7968713263183,
          1224.2327102798245,
          1036.2054309266625
        ],
        "tag_pose": [
          -0.3957899212837219,
          -0.02435748651623726,
          -0.9180171489715576,
          0.10246119648218155,
          0.10141175985336304,
          0.9923749566078186,
          -0.07005259394645691,
          0.08642758429050446,
          0.9127235412597656,
          -0.12082402408123016,
          -0.39030182361602783,
          0.8523187637329102,
          0,
          0,
          0,
          0.9999998807907104
        ],
        "orig_pose": [
          -0.39807799824313317,
          -0.018964963295937713,
          -0.9171555143387211,
          0.11050971749069774,
          0.10118929544416624,
          0.9927774816570529,
          -0.06444841659958245,
          0.09321483504237096,
          0.9117536036683669,
          -0.11846181697856839,
          -0.3932838213248583,
          0.9192545168513423,
          0,
          0,
          0,
          1
        ],
        "timestamp": 82644.396790958,
        "pose_id": 40,
        "joint_covar": [
          2.658109266161447e-07,
          1.2594777777167967e-07,
          1.1343913036167994e-06,
          -2.3774166143901984e-05,
          -2.2632885673503986e-06,
          -3.5454027304187926e-05,
          -1.1211431010832842e-06,
          1.2594777777167957e-07,
          1.9316975998043828e-07,
          1.103189164222677e-06,
          7.106302065285512e-06,
          7.180191167638406e-07,
          1.1375538434240995e-05,
          3.6783365912443826e-07,
          1.1343913036167935e-06,
          1.1031891642226781e-06,
          1.1183918748761937e-05,
          0.00015474492622761713,
          1.5128899841784852e-05,
          0.00024040370708886544,
          7.369521632281921e-06,
          -2.377416614390247e-05,
          7.106302065285303e-06,
          0.00015474492622761154,
          0.025096759949786142,
          0.0024189066093736993,
          0.03803636491454285,
          0.001186282968550843,
          -2.2632885673504744e-06,
          7.180191167637938e-07,
          1.5128899841784053e-05,
          0.0024189066093736984,
          0.00023976112818725417,
          0.003666785392441574,
          0.00011415261862922165,
          -3.545402730418895e-05,
          1.1375538434240436e-05,
          0.00024040370708885465,
          0.03803636491454285,
          0.0036667853924415746,
          0.05766486731743648,
          0.0017981433813386346,
          -1.1211431010833035e-06,
          3.6783365912443075e-07,
          7.369521632281679e-06,
          0.0011862829685508431,
          0.00011415261862922168,
          0.0017981433813386348,
          5.818768404257574e-05
        ],
        "tag_id": 304,
        "tag_orientation_variance": [
          0.012379774862478961,
          0.00012148955145920334,
          0.02819461845000191,
          2.9756707229939303e-05
        ]
      }
    ],
    [
      {
        "camera_intrinsics": [
          1599.2437744140625,
          1599.2437744140625,
          954.3140869140625,
          717.8106689453125
        ],
        "tag_pose": [
          -0.4194785952568054,
          -0.011036928743124008,
          -0.9076980352401733,
          0.08184141665697098,
          0.0618935264647007,
          0.9972513318061829,
          -0.040728967636823654,
          0.10152973234653473,
          0.9056525826454163,
          -0.07326555997133255,
          -0.4176424741744995,
          1.017195701599121,
          0,
          0,
          0,
          1
        ],
        "orig_pose": [
          -0.4372760980150142,
          -0.01093450021970761,
          -0.8992608358033328,
          0.08796874618709011,
          0.06659901785785868,
          0.9967867794428772,
          -0.044504911507220496,
          0.10913161708320682,
          0.8968579513641678,
          -0.07935082250891998,
          -0.4351428064923344,
          1.0933569493138153,
          0,
          0,
          0,
          1
        ],
        "tag_id": 305,
        "tag_orientation_variance": [
          0.011137608073804572,
          8.165826790868503e-05,
          0.028097534231555896,
          2.3287612501805235e-05
        ],
        "pose_id": 52,
        "timestamp": 82650.396790958,
        "tag_position_variance": [
          2.463041841738798e-07,
          2.8605960596241705e-07,
          1.6620095748790312e-05
        ],
        "joint_covar": [
          9.50477224115338e-07,
          1.4349070106444663e-07,
          1.747405584914501e-06,
          -0.00022881040425007745,
          -1.8358595265335873e-05,
          -0.00036391420433000144,
          -9.82646257577328e-06,
          1.434907010644459e-07,
          3.27012866947299e-07,
          2.068980355492213e-06,
          9.946602871327673e-06,
          8.598827848534068e-07,
          1.6867699077668047e-05,
          4.381433917633368e-07,
          1.7474055849145153e-06,
          2.068980355492212e-06,
          2.041940257150269e-05,
          -1.1958637246575052e-05,
          -5.206283901135809e-07,
          -9.074198107152546e-06,
          -7.423707708900678e-07,
          -0.0002288104042500769,
          9.946602871327363e-06,
          -1.1958637246570804e-05,
          0.07594945116873601,
          0.006108406836812796,
          0.12100049413043262,
          0.0032540233822768343,
          -1.835859526533584e-05,
          8.598827848533606e-07,
          -5.20628390113434e-07,
          0.0061084068368127955,
          0.0005006155260035587,
          0.009732457917666628,
          0.0002615460691261694,
          -0.00036391420433000155,
          1.6867699077665977e-05,
          -9.074198107161116e-06,
          0.12100049413043262,
          0.009732457917666628,
          0.19280091634176094,
          0.00518428774245508,
          -9.826462575773249e-06,
          4.3814339176333963e-07,
          -7.423707708897276e-07,
          0.0032540233822768334,
          0.0002615460691261694,
          0.005184287742455079,
          0.00014241181698977062
        ],
        "tag_corners_pixel_coordinates": [
          1146.3716772993469,
          753.0747855835833,
          1028.7386280208482,
          762.4106432676195,
          1027.0226010479093,
          987.2354620491951,
          1145.7945769966943,
          1010.6163029883902
        ]
      }
    ],
    [
      {
        "timestamp": 82656.896790958,
        "camera_intrinsics": [
          1601.5032958984375,
          1601.5032958984375,
          954.2548217773438,
          717.8029174804688
        ],
        "orig_pose": [
          -0.443728599574307,
          -0.017409319582424365,
          -0.8959921012550843,
          0.07877177089105226,
          0.09483428326009127,
          0.993285145883402,
          -0.06626520720509049,
          0.10631903017741051,
          0.8911292771749614,
          -0.11437453632284514,
          -0.43909802641615825,
          0.9515241929610696,
          0,
          0,
          0,
          1
        ],
        "tag_pose": [
          -0.44351643323898315,
          -0.02350364811718464,
          -0.895957887172699,
          0.07410678267478943,
          0.09541984647512436,
          0.9927363395690918,
          -0.07327710092067719,
          0.10002578794956207,
          0.8911722302436829,
          -0.11799179017543793,
          -0.4380521774291992,
          0.89520263671875,
          0,
          0,
          0,
          1
        ],
        "tag_corners_pixel_coordinates": [
          1164.1025838648284,
          750.9762279982139,
          1023.7689464510576,
          770.2522144797819,
          1019.0782688235938,
          1024.5604431933862,
          1161.7105551857069,
          1046.948674683115
        ],
        "pose_id": 65,
        "tag_id": 304,
        "joint_covar": [
          1.9171787993102334e-07,
          3.844986890549062e-07,
          1.3471386524084709e-06,
          -0.00012637344186890723,
          -1.3620890066013812e-05,
          -0.0002034682367539515,
          -5.4821122941785845e-06,
          3.844986890549068e-07,
          5.541037401901204e-06,
          7.634538490704164e-06,
          -0.00250157018336843,
          -0.00027031324389772146,
          -0.004036180684766662,
          -0.00010830170090505506,
          1.3471386524084734e-06,
          7.634538490704164e-06,
          1.9240754620821236e-05,
          -0.002974061420422747,
          -0.0003210307648132401,
          -0.004792376895351256,
          -0.00012885059501656766,
          -0.00012637344186890436,
          -0.002501570183368431,
          -0.0029740614204227054,
          1.1800020948978864,
          0.12753212243758885,
          1.9042535605505402,
          0.051097225300985386,
          -1.362089006601488e-05,
          -0.00027031324389772336,
          -0.00032103076481325096,
          0.1275321224375889,
          0.01379061263122992,
          0.20580869168651586,
          0.005522299826228976,
          -0.0002034682367539492,
          -0.004036180684766661,
          -0.004792376895351168,
          1.9042535605505404,
          0.2058086916865158,
          3.0730509205230603,
          0.0824592793824461,
          -5.482112294178804e-06,
          -0.00010830170090505568,
          -0.00012885059501657108,
          0.051097225300985386,
          0.005522299826228975,
          0.08245927938244609,
          0.002214887888835753
        ],
        "tag_orientation_variance": [
          0.024927388885074734,
          0.00029948828542302017,
          0.06503881939673228,
          5.0343331538991236e-05
        ],
        "tag_position_variance": [
          1.6765484912597866e-07,
          2.0859583211460477e-07,
          9.367553619693187e-06
        ]
      }
    ],
    [
      {
        "pose_id": 66,
        "joint_covar": [
          4.96038075193643e-07,
          3.7334314032784737e-07,
          3.462600346481915e-06,
          -0.00016451931079690467,
          -1.6632900112873288e-05,
          -0.0002617541416458762,
          -5.629640249131574e-06,
          3.733431403278487e-07,
          4.46623748665934e-07,
          3.3154072009026817e-06,
          -0.00013326913850172773,
          -1.3455404974128753e-05,
          -0.0002116251310697543,
          -4.531603546221067e-06,
          3.462600346481935e-06,
          3.3154072009026897e-06,
          3.057775632798721e-05,
          -0.0012560746568496175,
          -0.0001269333677425098,
          -0.0019949327942629155,
          -4.297653329949869e-05,
          -0.00016451931079690483,
          -0.00013326913850172733,
          -0.0012560746568496149,
          0.0824820692472725,
          0.008350633287081978,
          0.1314293050825125,
          0.002818805390857938,
          -1.6632900112873342e-05,
          -1.345540497412883e-05,
          -0.00012693336774251062,
          0.008350633287081978,
          0.0008526707022092588,
          0.013306944959039151,
          0.0002852297030135016,
          -0.0002617541416458761,
          -0.00021162513106975412,
          -0.001994932794262916,
          0.13142930508251244,
          0.013306944959039148,
          0.20944378890766394,
          0.0044915596591870235,
          -5.6296402491315655e-06,
          -4.5316035462210365e-06,
          -4.2976533299498464e-05,
          0.002818805390857938,
          0.0002852297030135017,
          0.004491559659187025,
          9.857900748931038e-05
        ],
        "timestamp": 82657.396790958,
        "tag_pose": [
          -0.44684743881225586,
          -0.02823970653116703,
          -0.8941644430160522,
          0.07048043608665466,
          0.09214360266923904,
          0.9927328824996948,
          -0.0774003341794014,
          0.09809637814760208,
          0.8898522257804871,
          -0.11697766184806824,
          -0.44099801778793335,
          0.8932905197143555,
          0,
          0,
          0,
          0.9999999403953552
        ],
        "camera_intrinsics": [
          1601.5032958984375,
          1601.5032958984375,
          954.2467651367188,
          717.802490234375
        ],
        "tag_corners_pixel_coordinates": [
          1158.787064231503,
          747.8266745481667,
          1018.0986025174716,
          766.7678996909341,
          1012.0703982964544,
          1021.5186640712144,
          1154.8232880090814,
          1044.3518850269982
        ],
        "tag_orientation_variance": [
          0.02603771243603227,
          0.00027586006396292925,
          0.06674695835201078,
          3.242872588151842e-05
        ],
        "tag_id": 304,
        "tag_position_variance": [
          1.602379184234591e-07,
          2.05129421412328e-07,
          9.37163733638017e-06
        ],
        "orig_pose": [
          -0.4464062074255014,
          -0.022606169135223786,
          -0.8945448334706371,
          0.07499030553070198,
          0.09246461301407767,
          0.9931641315272527,
          -0.07124116217380808,
          0.1043704881366285,
          0.8900403324075471,
          -0.11451623886919976,
          -0.44126436262530344,
          0.950421683929035,
          0,
          0,
          0,
          1
        ]
      }
    ],
    [
      {
        "tag_id": 304,
        "timestamp": 82657.896790958,
        "orig_pose": [
          -0.44935380677332537,
          -0.024905368547766857,
          -0.8930066511263066,
          0.06594949457640442,
          0.08848950495772534,
          0.9934545063034921,
          -0.07223400457971006,
          0.101964921194231,
          0.8889604962261584,
          -0.11148034141849754,
          -0.44420870053000716,
          0.9493460541403875,
          0,
          0,
          0,
          1
        ],
        "tag_position_variance": [
          1.4178276447939014e-07,
          1.9986997556604826e-07,
          9.26264091947839e-06
        ],
        "tag_orientation_variance": [
          0.01720572798437922,
          0.00019561020839188706,
          0.04603772914321059,
          2.119614063947537e-05
        ],
        "tag_pose": [
          -0.47348958253860474,
          -0.030928052961826324,
          -0.8802553415298462,
          0.06156072020530701,
          0.08608260750770569,
          0.992974042892456,
          -0.0811922699213028,
          0.09518063813447952,
          0.8765818476676941,
          -0.1142185628414154,
          -0.46750056743621826,
          0.8861827850341797,
          0,
          0,
          0,
          1
        ],
        "tag_corners_pixel_coordinates": [
          1147.4035271292835,
          743.2727082417467,
          1000.7574992208878,
          761.5374989605189,
          993.6384985110325,
          1018.3659327653861,
          1142.2544992122703,
          1041.9109696092926
        ],
        "pose_id": 67,
        "camera_intrinsics": [
          1601.5032958984375,
          1601.5032958984375,
          954.2422485351562,
          717.802490234375
        ],
        "joint_covar": [
          4.975080033904907e-07,
          -1.9072184745938327e-07,
          3.392576754486601e-06,
          0.0002905830556782148,
          3.0480662169917815e-05,
          0.0004769027752387022,
          9.421736954345649e-06,
          -1.907218474593815e-07,
          4.493332107280042e-07,
          -8.124524705276888e-07,
          -0.00023296040512329544,
          -2.4394939151940593e-05,
          -0.00038136745231163354,
          -7.54324783668885e-06,
          3.3925767544866264e-06,
          -8.12452470527672e-07,
          3.0240559345060437e-05,
          0.0021317505527649744,
          0.00022367127321455156,
          0.003502826393740719,
          6.908491803532292e-05,
          0.000290583055678216,
          -0.00023296040512329441,
          0.0021317505527649852,
          0.2408586367438401,
          0.025248580547081175,
          0.3950258141707465,
          0.007817456520495506,
          3.0480662169917947e-05,
          -2.4394939151940424e-05,
          0.00022367127321455335,
          0.025248580547081175,
          0.0026537237851298775,
          0.041410537576381475,
          0.0008193451721484845,
          0.00047690277523870154,
          -0.00038136745231163684,
          0.003502826393740692,
          0.3950258141707465,
          0.04141053757638146,
          0.6478919845795874,
          0.012821194551795288,
          9.42173695434566e-06,
          -7.543247836688811e-06,
          6.908491803532329e-05,
          0.007817456520495503,
          0.0008193451721484842,
          0.012821194551795284,
          0.0002559617427576087
        ]
      }
    ],
    [
      {
        "tag_position_variance": [
          6.371578425977829e-07,
          3.589817138706923e-07,
          2.0807908045081604e-05
        ],
        "joint_covar": [
          7.841653033265137e-07,
          5.141311006618575e-07,
          4.433415254246089e-06,
          -3.5209782122122975e-05,
          -1.0887213608690129e-06,
          -4.9915951607294116e-05,
          -1.0658065096034727e-06,
          5.141311006618565e-07,
          5.938467792730861e-07,
          3.63215970935802e-06,
          -6.028613122138122e-05,
          -1.9419581530572644e-06,
          -8.68184174819208e-05,
          -1.7540435745632476e-06,
          4.433415254246086e-06,
          3.632159709358023e-06,
          3.04288669946751e-05,
          -0.00031667814210551337,
          -1.0036808920545465e-05,
          -0.00045130224552219654,
          -9.491256504011032e-06,
          -3.520978212212273e-05,
          -6.02861312213812e-05,
          -0.0003166781421055128,
          0.019518496761610223,
          0.0006565441100053694,
          0.02846068396542637,
          0.0005723517707089075,
          -1.0887213608690112e-06,
          -1.941958153057269e-06,
          -1.0036808920545496e-05,
          0.0006565441100053695,
          3.1635228288692676e-05,
          0.000957507236074416,
          1.8898962510215665e-05,
          -4.991595160729361e-05,
          -8.681841748192075e-05,
          -0.00045130224552219524,
          0.028460683965426375,
          0.0009575072360744161,
          0.04152427785139604,
          0.0008346330535911567,
          -1.0658065096034672e-06,
          -1.7540435745632495e-06,
          -9.491256504011034e-06,
          0.0005723517707089075,
          1.8898962510215665e-05,
          0.0008346330535911566,
          2.0189110666443453e-05
        ],
        "tag_corners_pixel_coordinates": [
          1250.9328947544482,
          768.7813884533585,
          1142.4577133988219,
          774.8955956217092,
          1142.8995718864617,
          987.7247705031192,
          1252.5082679250818,
          1012.0145563926079
        ],
        "timestamp": 82666.896790958,
        "pose_id": 85,
        "tag_pose": [
          -0.3396492004394531,
          -0.005554120521992445,
          -0.9405356049537659,
          0.16093379259109497,
          0.0589754544198513,
          0.9978890419006348,
          -0.027190206572413445,
          0.1124858483672142,
          0.9387012124061584,
          -0.06470366567373276,
          -0.3386046290397644,
          1.0730648040771484,
          0,
          0,
          0,
          1
        ],
        "orig_pose": [
          -0.34730539996138365,
          0.000989610211267658,
          -0.9377515554928677,
          0.17280017941965115,
          0.04748735006548051,
          0.998734998434498,
          -0.01653343539019562,
          0.12078014536523018,
          0.9365489366506279,
          -0.05027348778106626,
          -0.34691305205325607,
          1.1521884514067848,
          0,
          0,
          0,
          1
        ],
        "camera_intrinsics": [
          1595.1766357421875,
          1595.1766357421875,
          954.3345947265625,
          717.8123779296875
        ],
        "tag_orientation_variance": [
          0.012500401108836028,
          2.419803028768437e-05,
          0.026871667324665883,
          1.4332820107680079e-05
        ],
        "tag_id": 302
      }
    ],
    [
      {
        "tag_corners_pixel_coordinates": [
          1141.40223542758,
          614.0605787762034,
          993.5654745796161,
          686.4761965825943,
          986.3084160355403,
          1031.257851633411,
          1139.2432791142005,
          1043.9084644838101
        ],
        "tag_orientation_variance": [
          0.06635102439410058,
          0.0010145799964739208,
          0.12861973436639773,
          0.0003608855998299525
        ],
        "orig_pose": [
          -0.3200521835618201,
          -0.013699015248402516,
          -0.9473008691954922,
          0.04204112020756761,
          0.1545413403774572,
          0.9857479376547147,
          -0.06646786835618848,
          0.05075924528281252,
          0.9347104224901154,
          -0.16767033247029933,
          -0.3133737157096126,
          0.6571762620080819,
          0,
          0,
          0,
          1
        ],
        "camera_intrinsics": [
          1603.3109130859375,
          1603.3109130859375,
          954.2330932617188,
          717.7940063476562
        ],
        "tag_id": 303,
        "pose_id": 99,
        "joint_covar": [
          7.06703324722365e-08,
          -5.914222152784001e-09,
          2.113561604251128e-07,
          -4.742902609220607e-05,
          -5.867459975864048e-06,
          -6.60648268929366e-05,
          -3.511160988274348e-06,
          -5.9142221527835965e-09,
          8.202131630163983e-08,
          1.5361107459557509e-07,
          5.934598797425818e-05,
          7.349380025946457e-06,
          8.274057386427149e-05,
          4.407575168747037e-06,
          2.1135616042511409e-07,
          1.5361107459557548e-07,
          2.5515423466854188e-06,
          -0.00010918216502231375,
          -1.353103121626887e-05,
          -0.00015080343456954997,
          -8.066449034459367e-06,
          -4.742902609220636e-05,
          5.934598797425732e-05,
          -0.00010918216502232046,
          0.14028785997145504,
          0.017347970348176884,
          0.19535794840368828,
          0.010369464053169606,
          -5.8674599758640485e-06,
          7.349380025946416e-06,
          -1.3531031216268948e-05,
          0.017347970348176884,
          0.002147951448636126,
          0.024158292551355442,
          0.0012823052900334101,
          -6.606482689293536e-05,
          8.274057386427081e-05,
          -0.00015080343456955352,
          0.1953579484036883,
          0.024158292551355442,
          0.2720521064055851,
          0.014440156952683744,
          -3.5111609882743102e-06,
          4.407575168747048e-06,
          -8.066449034458973e-06,
          0.010369464053169604,
          0.0012823052900334101,
          0.014440156952683742,
          0.0007676286142559266
        ],
        "timestamp": 82673.896790958,
        "tag_pose": [
          -0.3278493285179138,
          -0.024856839329004288,
          -0.9444031715393066,
          0.040686339139938354,
          0.15358538925647736,
          0.9849529266357422,
          -0.07924123853445053,
          0.04912329465150833,
          0.9321621656417847,
          -0.17102563381195068,
          -0.31909841299057007,
          0.6359901428222656,
          0,
          0,
          0,
          0.9999999403953552
        ],
        "tag_position_variance": [
          5.4564374241181036e-08,
          5.506982484470903e-08,
          2.217639184626587e-06
        ]
      }
    ],
    [
      {
        "pose_id": 128,
        "camera_intrinsics": [
          1593.8209228515625,
          1593.8209228515625,
          954.4918823242188,
          717.8202514648438
        ],
        "joint_covar": [
          7.740062113594026e-08,
          -1.0990469065800266e-08,
          1.8127458365906753e-07,
          2.3621139792800033e-05,
          -4.88353025796338e-07,
          6.965988610115804e-05,
          1.0362861485168318e-06,
          -1.0990469065800267e-08,
          4.10486129357801e-08,
          2.959943242000043e-08,
          -1.017455470943253e-05,
          1.396369070040794e-07,
          -2.9592954010403527e-05,
          -4.2926801468987374e-07,
          1.8127458365906838e-07,
          2.9599432420000802e-08,
          1.2614085094455488e-06,
          4.751618977455352e-05,
          -7.613622596223777e-07,
          0.00014329385621526482,
          2.093659768498414e-06,
          2.3621139792800053e-05,
          -1.0174554709432518e-05,
          4.7516189774553586e-05,
          0.01414425328594678,
          -0.0003033087662436136,
          0.04148997862287709,
          0.000619015809618069,
          -4.883530257963385e-07,
          1.396369070040788e-07,
          -7.613622596223794e-07,
          -0.0003033087662436134,
          1.3123177745658688e-05,
          -0.0008899571164094678,
          -1.3496802372164474e-05,
          6.965988610115798e-05,
          -2.959295401040358e-05,
          0.00014329385621526344,
          0.04148997862287708,
          -0.0008899571164094683,
          0.12175143243410314,
          0.0018161400901013582,
          1.0362861485168327e-06,
          -4.2926801468987316e-07,
          2.0936597684984113e-06,
          0.000619015809618069,
          -1.3496802372164481e-05,
          0.0018161400901013584,
          2.7718246485176648e-05
        ],
        "tag_pose": [
          -0.7802519202232361,
          0.04741375520825386,
          -0.6236656904220581,
          0.029487529769539833,
          0.04054190590977669,
          0.9988595247268677,
          0.025216668844223022,
          0.030496124178171158,
          0.6241500377655029,
          -0.005609243176877499,
          -0.7812843918800354,
          0.5035514831542969,
          0,
          0,
          0,
          1
        ],
        "tag_corners_pixel_coordinates": [
          1251.8724101140347,
          548.5090485215568,
          857.9080040854872,
          595.4509870589874,
          878.6217016864578,
          1034.7852990890517,
          1277.6356420717816,
          1079.221265587586
        ],
        "orig_pose": [
          -0.7852057440699429,
          0.040347795955794075,
          -0.6179190843800477,
          0.03188943670419747,
          0.02500284276636974,
          0.9991270116313684,
          0.03346748395340766,
          0.032982890034881626,
          0.6187299874203345,
          0.01082912693069084,
          -0.7855290781866392,
          0.5446140767073158,
          0,
          0,
          0,
          1
        ],
        "tag_id": 301,
        "tag_orientation_variance": [
          0.005753448187797883,
          9.810700517182516e-06,
          0.04914919586337767,
          1.1823153002483782e-05
        ],
        "timestamp": 82688.396790958,
        "tag_position_variance": [
          3.496398829884103e-08,
          3.125602645984451e-08,
          7.64337173671376e-07
        ]
      }
    ],
    [
      {
        "tag_pose": [
          -0.4661087095737457,
          -0.027536064386367798,
          -0.8842988610267639,
          0.12381446361541748,
          0.001698412699624896,
          0.9994857907295227,
          -0.03201807662844658,
          0.05155772343277931,
          0.88472580909729,
          -0.016425810754299164,
          -0.4658223092556,
          0.7646312713623047,
          0,
          0,
          0,
          0.9999999403953552
        ],
        "pose_id": 146,
        "tag_corners_pixel_coordinates": [
          1323.9392836654577,
          661.6081919405085,
          1128.1627181401504,
          671.176359924652,
          1120.6198691076768,
          963.7878752170029,
          1315.6414902845354,
          1010.7109375187104
        ],
        "timestamp": 82697.396790958,
        "camera_intrinsics": [
          1600.5994873046875,
          1600.5994873046875,
          954.3256225585938,
          717.8121337890625
        ],
        "tag_position_variance": [
          2.188079366320048e-07,
          8.834073186428497e-08,
          4.860584633754696e-06
        ],
        "tag_orientation_variance": [
          0.0112584919915567,
          1.660345731274155e-05,
          0.03172839469557399,
          2.5216904608685608e-06
        ],
        "joint_covar": [
          2.7841894858043364e-07,
          9.520858331914322e-08,
          1.2714684629121215e-06,
          -2.019915483683624e-05,
          -5.808024470232934e-07,
          -3.294570193437565e-05,
          -1.954728954734056e-07,
          9.52085833191431e-08,
          1.094642378683496e-07,
          5.762157619869368e-07,
          -1.378076983673804e-05,
          -4.0424435637137487e-07,
          -2.2627583910617637e-05,
          -1.0698305765046019e-07,
          1.2714684629121162e-06,
          5.762157619869352e-07,
          7.6277987837495915e-06,
          -0.00013645411518192833,
          -3.940416436996783e-06,
          -0.00022247251161650711,
          -1.301608000555731e-06,
          -2.019915483683639e-05,
          -1.3780769836737997e-05,
          -0.00013645411518192917,
          0.013976615654204489,
          0.00041423849721940626,
          0.02333501117641578,
          0.00012833579146322047,
          -5.808024470232911e-07,
          -4.0424435637137063e-07,
          -3.940416436996763e-06,
          0.00041423849721940615,
          1.889516444833535e-05,
          0.0006918869975452463,
          3.4960526980113376e-06,
          -3.294570193437589e-05,
          -2.262758391061755e-05,
          -0.00022247251161650817,
          0.023335011176415777,
          0.0006918869975452463,
          0.038979496015249984,
          0.00021419968792843756,
          -1.9547289547340394e-07,
          -1.0698305765045854e-07,
          -1.3016080005557205e-06,
          0.00012833579146322044,
          3.4960526980113367e-06,
          0.00021419968792843754,
          2.751810823676807e-06
        ],
        "orig_pose": [
          -0.47241546130112155,
          -0.016135485392989604,
          -0.8812282780498938,
          0.1331656790775388,
          0.025564780499328345,
          0.9991608748025015,
          -0.0319998165919932,
          0.055452024914188006,
          0.8810051497702324,
          -0.03764561561500437,
          -0.4716065454415336,
          0.8223908546642712,
          0,
          0,
          0,
          1
        ],
        "tag_id": 300
      }
    ],
    [
      {
        "joint_covar": [
          1.290547517150106e-07,
          2.6884163126114987e-08,
          5.631192047137715e-07,
          -2.3926058525471708e-05,
          1.2306435369711717e-09,
          -3.924369674209396e-05,
          -2.9164636761741894e-07,
          2.688416312611512e-08,
          7.080239417183682e-08,
          2.7335211147282695e-07,
          2.4128148487378847e-08,
          1.124604983886405e-08,
          2.667993710269796e-07,
          1.979049538197072e-08,
          5.631192047137742e-07,
          2.733521114728267e-07,
          4.7261832405902015e-06,
          -0.00011058824009799236,
          6.032722152180324e-08,
          -0.00017912805644756228,
          -1.3688638859008802e-06,
          -2.3926058525471732e-05,
          2.4128148487381795e-08,
          -0.00011058824009799215,
          0.014964420176138665,
          4.190648448580383e-06,
          0.02466098699921132,
          0.0001801058340823319,
          1.2306435369710692e-09,
          1.1246049838864057e-08,
          6.032722152180295e-08,
          4.190648448580434e-06,
          4.630814649347035e-06,
          6.775504783662374e-06,
          -3.8934921277147713e-08,
          -3.924369674209384e-05,
          2.667993710272355e-07,
          -0.00017912805644755846,
          0.024660986999211314,
          6.775504783662288e-06,
          0.04065421234512023,
          0.00029673802599649413,
          -2.916463676174187e-07,
          1.9790495381971605e-08,
          -1.3688638859008656e-06,
          0.00018010583408233186,
          -3.8934921277148355e-08,
          0.00029673802599649413,
          3.483974618349015e-06
        ],
        "tag_position_variance": [
          8.822193256752858e-08,
          6.661849777057996e-08,
          3.1865430831333323e-06
        ],
        "tag_corners_pixel_coordinates": [
          1204.6667337954723,
          640.1748265695476,
          1014.4942666986633,
          658.8730000411582,
          1014.1316770784287,
          979.6630029882675,
          1205.0646034316119,
          1030.6158310949202
        ],
        "tag_pose": [
          -0.45528268814086914,
          -0.0018080223817378283,
          -0.8903450965881348,
          0.06302250176668167,
          0.015268352814018726,
          0.9998350739479065,
          -0.009837917983531952,
          0.046820078045129776,
          0.890216052532196,
          -0.018073134124279022,
          -0.4551800489425659,
          0.6914997100830078,
          0,
          0,
          0,
          1
        ],
        "timestamp": 82718.396790958,
        "tag_orientation_variance": [
          0.009969693966748747,
          4.628517418903835e-06,
          0.027211365937890575,
          2.6813170808088163e-06
        ],
        "pose_id": 188,
        "orig_pose": [
          -0.4643409640819771,
          0.0008691873115365862,
          -0.8856560921649203,
          0.06702300332206147,
          0.004483039676266698,
          0.9999890140089416,
          -0.0013690203379949206,
          0.04979056939482016,
          0.8856451724199038,
          -0.004606123624295048,
          -0.4643397594375015,
          0.7353726027405825,
          0,
          0,
          0,
          1
        ],
        "camera_intrinsics": [
          1600.5994873046875,
          1600.5994873046875,
          954.390625,
          717.8161010742188
        ],
        "tag_id": 302
      }
    ],
    [
      {
        "tag_position_variance": [
          6.080216026835239e-08,
          4.229703112575569e-08,
          2.2932903564909508e-06
        ],
        "tag_orientation_variance": [
          0.03934162305533104,
          0.0004812552029594609,
          0.09837984187004464,
          3.790692729570176e-05
        ],
        "camera_intrinsics": [
          1612.8009033203125,
          1612.8009033203125,
          954.20947265625,
          717.7994995117188
        ],
        "orig_pose": [
          -0.4319864605800451,
          -0.03247723258100701,
          -0.9012951388082618,
          0.048020489625594916,
          0.09507340793363472,
          0.9921432629172964,
          -0.08131908110465222,
          -0.0018033960811685591,
          0.8968549185790361,
          -0.12081794242454016,
          -0.42550473535424993,
          0.674857219804921,
          0,
          0,
          0,
          1
        ],
        "tag_id": 303,
        "pose_id": 198,
        "timestamp": 82723.396790958,
        "tag_pose": [
          -0.43276169896125793,
          -0.04217781871557236,
          -0.9005212783813477,
          0.045626185834407806,
          0.09385880082845688,
          0.991368293762207,
          -0.09153837710618973,
          -0.001713984296657145,
          0.8966090679168701,
          -0.12413612008094788,
          -0.4250674545764923,
          0.6411952972412109,
          0,
          0,
          0,
          1
        ],
        "tag_corners_pixel_coordinates": [
          1180.4816004912093,
          484.68935077136445,
          989.98016145182,
          560.9004559255009,
          976.1714435463177,
          903.9039136928754,
          1169.7114571778625,
          908.0806325169724
