# name: debug
# type: sparse matrix
# nnz: 126648
# rows: 6864
# columns: 6864

1 1 1.4808021e+27
2 1 6.43171612e+25
3 1 -2.5805757e+24
4 1 6.57107153e+25
5 1 -1.48361332e+27
6 1 3.6961763e+25
1021 1 -1.24250396e+27
1022 1 1.76036641e+25
1023 1 -2.10139058e+26
1024 1 -3.92541941e+25
1025 1 -1.48167363e+27
1026 1 9.94732812e+25
6607 1 2.11590373e+18
6608 1 -1.0748167e+17
6609 1 2.10147873e+17
6610 1 -259948384
6611 1 -4.25653963e+09
6612 1 440288859
6613 1 2.07477414e+18
6614 1 -1.29137287e+17
6615 1 2.03740759e+17
6616 1 -297531095
6617 1 -4.08567549e+09
6618 1 440249521
1 2 6.43171612e+25
2 2 6.61177442e+26
3 2 -7.05868212e+23
4 2 6.47541481e+26
5 2 -6.62879452e+25
6 2 -7.4112846e+26
1021 2 -8.58665082e+25
1022 2 -8.17399472e+26
1023 2 4.16599987e+25
1024 2 9.71605832e+26
1025 2 -9.27677171e+25
1026 2 1.42659435e+26
6607 2 1.79754613e+17
6608 2 1.88217897e+18
6609 2 -1.88611872e+17
6610 2 3.79245789e+09
6611 2 -323021764
6612 2 390892812
6613 2 1.98569545e+17
6614 2 1.84595832e+18
6615 2 -1.93068183e+17
6616 2 3.64596799e+09
6617 2 -353238998
6618 2 372478445
1 3 -2.5805757e+24
2 3 -7.05868212e+23
3 3 1.37615445e+25
4 3 -9.06127612e+23
5 3 7.56881819e+24
6 3 5.77229931e+23
1021 3 1.06415381e+24
1022 3 -4.23441846e+23
1023 3 -1.2557277e+25
1024 3 -7.32839938e+23
1025 3 7.57619991e+24
1026 3 -7.1092265e+23
6607 3 2352512
6608 3 -2738664
6609 3 -50174794
6610 3 0.0052664727
6611 3 -0.0208188742
6612 3 0.00276653864
6613 3 2200008
6614 3 -2763000
6615 3 -48309547
6616 3 0.00492784381
6617 3 -0.0194767565
6618 3 0.00267671421
1 4 6.57107153e+25
2 4 6.47541481e+26
3 4 -9.06127612e+23
4 4 6.39894322e+26
5 4 -6.76917503e+25
6 4 -7.40462538e+26
1021 4 -8.67689498e+25
1022 4 -8.18780055e+26
1023 4 4.20648756e+25
1024 4 9.65358445e+26
1025 4 -9.3374051e+25
1026 4 1.47295778e+26
6607 4 1.79754613e+17
6608 4 1.88217897e+18
6609 4 -1.88611872e+17
6610 4 3.79245789e+09
6611 4 -323021764
6612 4 390892812
6613 4 1.98569545e+17
6614 4 1.84595832e+18
6615 4 -1.93068183e+17
6616 4 3.64596799e+09
6617 4 -353238998
6618 4 372478445
1 5 -1.48361332e+27
2 5 -6.62879452e+25
3 5 7.56881819e+24
4 5 -6.76917503e+25
5 5 1.49241334e+27
6 5 -3.57916692e+25
1021 5 1.2511671e+27
1022 5 -1.68765189e+25
1023 5 2.03660729e+26
1024 5 3.73765801e+25
1025 5 1.49055345e+27
1026 5 -1.00070967e+26
6607 5 -2.11590373e+18
6608 5 1.0748167e+17
6609 5 -2.10147873e+17
6610 5 259948384
6611 5 4.25653963e+09
6612 5 -440288859
6613 5 -2.07477414e+18
6614 5 1.29137287e+17
6615 5 -2.03740759e+17
6616 5 297531095
6617 5 4.08567549e+09
6618 5 -440249521
1 6 3.6961763e+25
2 6 -7.4112846e+26
3 6 5.77229931e+23
4 6 -7.40462538e+26
5 6 -3.57916692e+25
6 6 9.12787958e+26
1021 6 4.6355093e+24
1022 6 9.94724469e+26
1023 6 -6.75379821e+25
1024 6 -1.15884694e+27
1025 6 -8.45375231e+24
1026 6 -1.99373923e+26
6607 6 -2.66738825e+16
6608 6 -9.5618853e+17
6609 6 1.01880997e+17
6610 6 -1.92797142e+09
6611 6 34122706.9
6612 6 -184516667
6613 6 -3.74985934e+16
6614 6 -9.2734465e+17
6615 6 1.02660893e+17
6616 6 -1.83287222e+09
6617 6 54938684
6618 6 -173221123
7 7 5.65063293e+27
8 7 1.39074618e+26
9 7 1.42873466e+25
10 7 1.42834592e+26
11 7 -5.69937152e+27
12 7 -2.74728871e+26
913 7 -1.79377456e+27
914 7 -8.88428149e+25
915 7 -1.231298e+26
916 7 1.36763364e+26
917 7 -3.06110397e+27
918 7 1.96379303e+26
6517 7 -1.67976454e+27
6518 7 4.61128199e+25
6519 7 -1.09658069e+26
6520 7 -8.37042322e+25
6521 7 -2.63205895e+27
6522 7 1.47989939e+26
7 8 1.39074618e+26
8 8 4.84787849e+27
9 8 -1.4070089e+24
10 8 4.85710698e+27
11 8 -1.41496471e+26
12 8 1.84977224e+27
913 8 3.36888678e+25
914 8 -1.74652536e+27
915 8 1.07960513e+26
916 8 2.98403849e+27
917 8 7.68210474e+25
918 8 2.86638497e+26
6517 8 -1.08413486e+26
6518 8 -1.41580649e+27
6519 8 7.52999918e+25
6520 8 2.24338315e+27
6521 8 -1.56083588e+26
6522 8 2.42510479e+26
7 9 1.42873466e+25
8 9 -1.4070089e+24
9 9 6.88627851e+25
10 9 3.73074026e+23
11 9 -2.73580084e+25
12 9 -1.33812177e+24
913 9 1.51076069e+24
914 9 -1.17416714e+24
915 9 -3.92861342e+25
916 9 2.25687564e+23
917 9 -1.1247296e+25
918 9 6.88679935e+23
6517 9 1.06938087e+24
6518 9 -8.13127144e+23
6519 9 -2.89688366e+25
6520 9 -5.8046642e+23
6521 9 -1.60940833e+25
6522 9 8.49869175e+23
7 10 1.42834592e+26
8 10 4.85710698e+27
9 10 3.73074026e+23
10 10 4.87373117e+27
11 10 -1.45351419e+26
12 10 1.87283319e+27
913 10 3.38965246e+25
914 10 -1.7636077e+27
915 10 1.07856553e+26
916 10 3.01066605e+27
917 10 7.61704218e+25
918 10 2.80997422e+26
6517 10 -1.09119136e+26
6518 10 -1.42089096e+27
6519 10 7.46490963e+25
6520 10 2.24347887e+27
6521 10 -1.58196326e+26
6522 10 2.31151231e+26
7 11 -5.69937152e+27
8 11 -1.41496471e+26
9 11 -2.73580084e+25
10 11 -1.45351419e+26
11 11 5.7555058e+27
12 11 2.80348317e+26
913 11 1.81356832e+27
914 11 8.98836186e+25
915 11 1.29665212e+26
916 11 -1.38135822e+26
917 11 3.09480639e+27
918 11 -2.00457599e+26
6517 11 1.69343092e+27
6518 11 -4.64385207e+25
6519 11 1.20165043e+26
6520 11 8.44954965e+25
6521 11 2.65441187e+27
6522 11 -1.50463815e+26
7 12 -2.74728871e+26
8 12 1.84977224e+27
9 12 -1.33812177e+24
10 12 1.87283319e+27
11 12 2.80348317e+26
12 12 1.12721996e+27
913 12 1.2055165e+26
914 12 -4.44959421e+26
915 12 3.55395282e+25
916 12 7.54513254e+26
917 12 1.9922804e+26
918 12 -6.35526086e+25
6517 12 4.22935061e+25
6518 12 -9.17870441e+26
6519 12 5.60085289e+25
6520 12 1.43326913e+27
6521 12 6.82569843e+25
6522 12 4.88101807e+25
13 13 2.54782476e+27
14 13 1.15334772e+26
15 13 -7.15341489e+24
16 13 1.17664737e+26
17 13 -2.5486421e+27
18 13 5.74003314e+25
655 13 -8.53713101e+26
656 13 -1.25768065e+25
657 13 -1.30529413e+26
658 13 -1.645177e+24
659 13 -6.96432067e+26
660 13 7.47584035e+25
1273 13 -1.39022433e+27
1274 13 -1.11472222e+25
1275 13 -1.35912949e+26
1276 13 -3.68641359e+23
1277 13 -1.84677026e+27
1278 13 1.33951327e+26
6343 13 3.20026277e+18
6344 13 -3.42387196e+16
6345 13 4.94064923e+17
6346 13 -339575364
6347 13 -9.35234063e+09
6348 13 1.55145243e+09
13 14 1.15334772e+26
14 14 8.73700371e+26
15 14 -1.14608798e+24
16 14 8.45038496e+26
17 14 -1.18733564e+26
18 14 -1.18374075e+27
655 14 -5.78011312e+25
656 14 -5.18807651e+26
657 14 4.59611783e+25
658 14 4.22939041e+26
659 14 -4.08979233e+25
660 14 6.25221876e+25
1273 14 -6.46033389e+25
1274 14 -7.52406304e+26
1275 14 4.55990397e+25
1276 14 1.02494875e+27
1277 14 -8.06121545e+25
1278 14 6.56509067e+25
6343 14 2.99247907e+17
6344 14 2.85722075e+18
6345 14 -4.44158144e+17
6346 14 8.37511752e+09
6347 14 -660939440
6348 14 1.39091563e+09
13 15 -7.15341489e+24
14 15 -1.14608798e+24
15 15 2.16700478e+25
16 15 -1.42582382e+24
17 15 1.50753545e+25
18 15 1.06882695e+24
655 15 4.25728186e+23
656 15 -2.87489945e+23
657 15 -5.5001711e+24
658 15 -3.80579365e+23
659 15 2.64114977e+24
660 15 -3.54082077e+23
1273 15 6.46185149e+23
1274 15 -4.26535333e+23
1275 15 -1.29815151e+25
1276 15 -1.17544626e+24
1277 15 1.23847685e+25
1278 15 -1.14494127e+24
6343 15 8507768
6344 15 -9560688
6345 15 -111542140
6346 15 0.029910177
6347 15 -0.0555188954
6348 15 0.0140802553
13 16 1.17664737e+26
14 16 8.45038496e+26
15 16 -1.42582382e+24
16 16 8.28135036e+26
17 16 -1.2104809e+26
18 16 -1.17332182e+27
655 16 -5.83202583e+25
656 16 -5.18811515e+26
657 16 4.6132033e+25
658 16 4.20272111e+26
659 16 -4.11695938e+25
660 16 6.39434556e+25
1273 16 -6.55259641e+25
1274 16 -7.49353849e+26
1275 16 4.58452898e+25
1276 16 1.0088076e+27
1277 16 -8.15764523e+25
1278 16 7.11068219e+25
6343 16 2.99247907e+17
6344 16 2.85722075e+18
6345 16 -4.44158144e+17
6346 16 8.37511752e+09
6347 16 -660939440
6348 16 1.39091563e+09
13 17 -2.5486421e+27
14 17 -1.18733564e+26
15 17 1.50753545e+25
16 17 -1.2104809e+26
17 17 2.56121786e+27
18 17 -5.43968709e+25
655 17 8.57501161e+26
656 17 1.32298363e+25
657 17 1.27222456e+26
658 17 6.45389394e+23
659 17 6.99066667e+26
660 17 -7.50916707e+25
1273 17 1.39861406e+27
1274 17 1.24261565e+25
1275 17 1.26202102e+26
1276 17 -2.94520164e+24
1277 17 1.85674853e+27
1278 17 -1.34540635e+26
6343 17 -3.20026277e+18
6344 17 3.42387196e+16
6345 17 -4.94064923e+17
6346 17 339575364
6347 17 9.35234063e+09
6348 17 -1.55145243e+09
13 18 5.74003314e+25
14 18 -1.18374075e+27
15 18 1.06882695e+24
16 18 -1.17332182e+27
17 18 -5.43968709e+25
18 18 1.79216799e+27
655 18 -8.52499139e+24
656 18 7.00334062e+26
657 18 -7.54268522e+25
658 18 -5.65029454e+26
659 18 -1.6209509e+25
660 18 -8.53637731e+25
1273 18 -2.36865834e+25
1274 18 1.17757703e+27
1275 18 -8.36932024e+25
1276 18 -1.56438246e+27
1277 18 -4.26041989e+25
1278 18 -1.50747007e+26
6343 18 -2.55393415e+16
6344 18 -1.40862795e+18
6345 18 2.3758245e+17
6346 18 -4.13809452e+09
6347 18 -30559887
6348 18 -626021493
19 19 6.54750956e+27
20 19 -5.03943089e+26
21 19 -2.61087386e+25
22 19 -5.12069027e+26
23 19 -6.55075094e+27
24 19 -3.58822043e+26
739 19 -1.45183767e+27
740 19 2.59271252e+25
741 19 -1.06436812e+26
742 19 -4.35108721e+25
743 19 -2.01327209e+27
744 19 1.54230676e+26
1333 19 -1.54533975e+27
1334 19 1.07369218e+26
1335 19 -1.22190498e+26
1336 19 -1.53186722e+26
1337 19 -2.28043496e+27
1338 19 -2.14388367e+25
6193 19 -7.65443173e+26
6194 19 -6.73577795e+25
6195 19 -2.77842169e+25
6196 19 4.90186662e+25
6197 19 -5.71005268e+26
6198 19 3.93224412e+25
6247 19 -1.33186775e+27
6248 19 -1.07931848e+26
6249 19 6.31359321e+23
6250 19 1.38917693e+26
6251 19 -1.69184045e+27
6252 19 1.36698509e+26
19 20 -5.03943089e+26
20 20 2.42150051e+27
21 20 1.65276518e+24
22 20 2.34912169e+27
23 20 5.11468291e+26
24 20 -2.73752368e+27
739 20 1.37561396e+26
740 20 -7.07017289e+26
741 20 6.59317016e+25
742 20 1.01743245e+27
743 20 1.89823812e+26
744 20 1.09902007e+25
1333 20 8.32884442e+25
1334 20 -5.91226181e+26
1335 20 5.68922911e+24
1336 20 9.09266741e+26
1337 20 1.18455016e+26
1338 20 1.93251001e+25
6193 20 8.54473727e+25
6194 20 -6.58645253e+26
6195 20 4.69688591e+25
6196 20 4.94662648e+26
6197 20 6.47602379e+25
6198 20 1.16794746e+25
6247 20 1.65520843e+26
6248 20 -9.77162718e+26
6249 20 7.99750231e+25
6250 20 1.2685163e+27
6251 20 2.0790336e+26
6252 20 -4.9273867e+25
19 21 -2.61087386e+25
20 21 1.65276518e+24
21 21 5.63067491e+25
22 21 3.78138878e+24
23 21 4.44542808e+25
24 21 6.00735646e+23
739 21 4.03696149e+23
740 21 -4.7403526e+23
741 21 -1.26102661e+25
742 21 8.04507012e+23
743 21 1.49034419e+25
744 21 -8.83756331e+23
1333 21 4.17350348e+23
1334 21 -2.88497061e+21
1335 21 -1.09684263e+25
1336 21 2.19001377e+24
1337 21 1.87491083e+25
1338 21 6.11873648e+23
6193 21 1.30016104e+23
6194 21 -2.13711692e+23
6195 21 -6.52807108e+24
6196 21 -8.15551874e+22
6197 21 1.33141334e+24
6198 21 -8.98813276e+22
6247 21 -6.73139518e+21
6248 21 -6.47525347e+23
6249 21 -1.64883543e+25
6250 21 -6.53177072e+23
6251 21 9.42348864e+24
6252 21 -7.17793855e+23
19 22 -5.12069027e+26
20 22 2.34912169e+27
21 22 3.78138878e+24
22 22 2.30630498e+27
23 22 5.19596765e+26
24 22 -2.69642679e+27
739 22 1.3892931e+26
740 22 -7.01493648e+26
741 22 6.39546421e+25
742 22 9.95078432e+26
743 22 1.93301876e+26
744 22 1.63677761e+25
1333 22 8.49828459e+25
1334 22 -5.82023828e+26
1335 22 4.61398737e+24
1336 22 8.76435621e+26
1337 22 1.2263706e+26
1338 22 2.3865142e+25
6193 22 8.5780428e+25
6194 22 -6.60756686e+26
6195 22 4.68052014e+25
6196 22 4.95453498e+26
6197 22 6.51195583e+25
6198 22 1.28915612e+25
6247 22 1.66248966e+26
6248 22 -9.78236662e+26
6249 22 7.90479241e+25
6250 22 1.26323869e+27
6251 22 2.09416008e+26
6252 22 -4.27290267e+25
19 23 -6.55075094e+27
20 23 5.11468291e+26
21 23 4.44542808e+25
22 23 5.19596765e+26
23 23 6.58355443e+27
24 23 3.57487053e+26
739 23 1.45994449e+27
740 23 -2.65758789e+25
741 23 9.52930487e+25
742 23 4.52654863e+25
743 23 2.02330475e+27
744 23 -1.56179713e+26
1333 23 1.55275515e+27
1334 23 -1.09171566e+26
1335 23 1.08630841e+26
1336 23 1.57768252e+26
1337 23 2.2898824e+27
1338 23 2.09910005e+25
6193 23 7.68893867e+26
6194 23 6.76442703e+25
6195 23 2.6004203e+25
6196 23 -4.9195464e+25
6197 23 5.73500003e+26
6198 23 -3.96994729e+25
6247 23 1.34035132e+27
6248 23 1.08524027e+26
6249 23 -8.18056403e+24
6250 23 -1.39596078e+26
6251 23 1.70255204e+27
6252 23 -1.38570506e+26
19 24 -3.58822043e+26
20 24 -2.73752368e+27
21 24 6.00735646e+23
22 24 -2.69642679e+27
23 24 3.57487053e+26
24 24 4.50573304e+27
739 24 1.30196183e+26
740 24 1.27203203e+27
741 24 -9.17724306e+25
742 24 -1.77675161e+27
743 24 1.70826032e+26
744 24 -1.37432616e+26
1333 24 1.47330516e+26
1334 24 1.43709866e+27
1335 24 1.36568003e+25
1336 24 -2.13009786e+27
1337 24 2.19564516e+26
1338 24 -1.58261572e+26
6193 24 2.38846906e+25
6194 24 3.8967928e+26
6195 24 -2.46566323e+25
6196 24 -2.90808307e+26
6197 24 1.68102141e+25
6198 24 -1.55234594e+25
6247 24 1.91826447e+25
6248 24 8.95082186e+26
6249 24 -7.22624144e+25
6250 24 -1.14377215e+27
6251 24 2.24855839e+25
6252 24 -1.76738732e+25
25 25 6.01365663e+27
26 25 -4.26627209e+25
27 25 -1.55755504e+25
28 25 -4.23969555e+25
29 25 -6.01026537e+27
30 25 -7.00479289e+25
385 25 -1.15170477e+27
386 25 -1.15123992e+24
387 25 -1.45115611e+26
388 25 -1.53801032e+25
389 25 -1.25796209e+27
390 25 1.30029324e+26
535 25 -1.09673491e+27
536 25 5.23708206e+24
537 25 -9.75267384e+25
538 25 -1.69105739e+25
539 25 -1.1306809e+27
540 25 1.28403677e+26
541 25 -1.09864263e+27
542 25 1.16504968e+25
543 25 -9.41523714e+25
544 25 -2.29830401e+25
545 25 -1.13595163e+27
546 25 1.26395841e+26
547 25 -1.11312442e+27
548 25 1.74638295e+25
549 25 -8.55249991e+25
550 25 -2.81764978e+25
551 25 -1.16738088e+27
552 25 1.26982908e+26
1423 25 -1.15245193e+27
1424 25 -1.06677341e+25
1425 25 -1.1697536e+26
1426 25 1.25740789e+25
1427 25 -1.29026738e+27
1428 25 -5.14917526e+24
6121 25 3.17752597e+18
6122 25 1.50813718e+17
6123 25 4.80464938e+17
6124 25 235187485
6125 25 -9.36634768e+09
6126 25 1.38461586e+09
6127 25 3.19164295e+18
6128 25 1.25653639e+17
6129 25 4.59493593e+17
6130 25 171635222
6131 25 -9.44833307e+09
6132 25 1.39157345e+09
25 26 -4.26627209e+25
26 26 1.77543757e+27
27 26 -1.00989692e+24
28 26 1.709389e+27
29 26 4.0551576e+25
30 26 -2.65358673e+27
385 26 -1.4320771e+25
386 26 -5.36621924e+26
387 26 5.35378913e+25
388 26 5.99040927e+26
389 26 -1.01055859e+25
390 26 5.76466146e+25
535 26 -3.37617621e+23
536 26 -5.43986991e+26
537 26 6.15942308e+25
538 26 5.76457379e+26
539 26 3.28156505e+24
540 26 3.42027088e+25
541 26 -3.69345337e+24
542 26 -5.43582197e+26
543 26 6.02309863e+25
544 26 5.77825664e+26
545 26 -5.50604257e+23
546 26 3.23637565e+25
547 26 -4.24512994e+24
548 26 -5.52444609e+26
549 26 5.98804565e+25
550 26 5.96309127e+26
551 26 -1.83957418e+24
552 26 2.75036445e+25
1423 26 1.22626278e+25
1424 26 -7.13242733e+26
1425 26 -2.15660054e+24
1426 26 8.06138877e+26
1427 26 1.35147162e+25
1428 26 5.95402525e+25
6121 26 4.18891826e+16
6122 26 2.65098135e+18
6123 26 -3.74751672e+17
6124 26 7.78709426e+09
6125 26 49904973.8
6126 26 1.22345596e+09
6127 26 5.5839162e+16
6128 26 2.6565875e+18
6129 26 -3.75689469e+17
6130 26 7.85590459e+09
6131 26 1119176.35
6132 26 1.17554618e+09
25 27 -1.55755504e+25
26 27 -1.00989692e+24
27 27 4.94133121e+25
28 27 -4.69454915e+23
29 27 3.32250219e+25
30 27 1.84537954e+24
385 27 4.88270451e+23
386 27 -3.79468193e+23
387 27 -7.64433438e+24
388 27 -3.66171325e+23
389 27 7.29440376e+24
390 27 -8.44174707e+23
535 27 3.25012745e+23
536 27 -4.05486369e+23
537 27 -7.39309445e+24
538 27 -3.06859655e+23
539 27 6.19326483e+24
540 27 -7.56160458e+23
541 27 3.1076827e+23
542 27 -3.99252101e+23
543 27 -7.40628419e+24
544 27 -2.70730557e+23
545 27 6.25913274e+24
546 27 -7.47889436e+23
547 27 2.82923769e+23
548 27 -4.02190098e+23
549 27 -7.63474133e+24
550 27 -2.46316526e+23
551 27 6.54683131e+24
552 27 -7.60502959e+23
1423 27 5.14005496e+23
1424 27 2.40967043e+22
1425 27 -1.03563697e+25
1426 27 -7.90696038e+21
1427 27 6.79324012e+24
1428 27 3.66755433e+22
6121 27 8158480
6122 27 -7426712
6123 27 -103248940
6124 27 0.0231114328
6125 27 -0.0774285197
6126 27 0.0147913257
6127 27 7793864
6128 27 -7528552
6129 27 -104155418
6130 27 0.0229490101
6131 27 -0.0794774294
6132 27 0.0149241239
25 28 -4.23969555e+25
26 28 1.709389e+27
27 28 -4.69454915e+23
28 28 1.67233128e+27
29 28 4.03466963e+25
30 28 -2.62537532e+27
385 28 -1.44958466e+25
386 28 -5.33545704e+26
387 28 5.31237693e+25
388 28 5.88161977e+26
389 28 -9.80865312e+24
390 28 5.98819007e+25
535 28 -4.60965408e+23
536 28 -5.41376607e+26
537 28 6.1126937e+25
538 28 5.67710432e+26
539 28 3.66051516e+24
540 28 3.66372581e+25
541 28 -3.80652076e+24
542 28 -5.40895948e+26
543 28 5.97716982e+25
544 28 5.68951397e+26
545 28 -1.37771997e+23
546 28 3.48350092e+25
547 28 -4.34538793e+24
548 28 -5.49600624e+26
549 28 5.94090665e+25
550 28 5.8701703e+26
551 28 -1.37772792e+24
552 28 3.01616232e+25
1423 28 1.23200707e+25
1424 28 -7.12675984e+26
1425 28 -2.19212862e+24
1426 28 7.99079952e+26
1427 28 1.35159914e+25
1428 28 6.32881085e+25
6121 28 4.18891826e+16
6122 28 2.65098135e+18
6123 28 -3.74751672e+17
6124 28 7.78709426e+09
6125 28 49904973.8
6126 28 1.22345596e+09
6127 28 5.5839162e+16
6128 28 2.6565875e+18
6129 28 -3.75689469e+17
6130 28 7.85590459e+09
6131 28 1119176.35
6132 28 1.17554618e+09
25 29 -6.01026537e+27
26 29 4.0551576e+25
27 29 3.32250219e+25
28 29 4.03466963e+25
29 29 6.03586496e+27
30 29 7.52669607e+25
385 29 1.1573931e+27
386 29 1.88699936e+24
387 29 1.38210773e+26
388 29 1.3841423e+25
389 29 1.26322075e+27
390 29 -1.30857915e+26
535 29 1.1016365e+27
536 29 -4.6413354e+24
537 29 9.13409724e+25
538 29 1.56927148e+25
539 29 1.13518843e+27
540 29 -1.29136974e+26
541 29 1.10351346e+27
542 29 -1.10870775e+25
543 29 8.79189818e+25
544 29 2.17926189e+25
545 29 1.14046567e+27
546 29 -1.27106429e+26
547 29 1.11802205e+27
548 29 -1.69293562e+25
549 29 7.90929824e+25
550 29 2.69949931e+25
551 29 1.17204335e+27
552 29 -1.27685285e+26
1423 29 1.1589634e+27
1424 29 1.06672783e+25
1425 29 1.10766834e+26
1426 29 -1.24973336e+25
1427 29 1.29686219e+27
1428 29 5.1570765e+24
6121 29 -3.17752597e+18
6122 29 -1.50813718e+17
6123 29 -4.80464938e+17
6124 29 -235187485
6125 29 9.36634768e+09
6126 29 -1.38461586e+09
6127 29 -3.19164295e+18
6128 29 -1.25653639e+17
6129 29 -4.59493593e+17
6130 29 -171635222
6131 29 9.44833307e+09
6132 29 -1.39157345e+09
25 30 -7.00479289e+25
26 30 -2.65358673e+27
27 30 1.84537954e+24
28 30 -2.62537532e+27
29 30 7.52669607e+25
30 30 4.41866347e+27
385 30 3.85386449e+25
386 30 1.0269881e+27
387 30 -1.01181138e+26
388 30 -1.12037732e+27
389 30 2.76821078e+25
390 30 -1.41685605e+26
535 30 4.06014533e+25
536 30 9.42085617e+26
537 30 -1.03208724e+26
538 30 -9.791825e+26
539 30 3.21997015e+25
540 30 -8.80551385e+25
541 30 4.39419537e+25
542 30 9.44168485e+26
543 30 -1.01518586e+26
544 30 -9.8444533e+26
545 30 3.63267645e+25
546 30 -8.50235681e+25
547 30 4.62118052e+25
548 30 9.53791153e+26
549 30 -1.00531011e+26
550 30 -1.00980309e+27
551 30 4.03618888e+25
552 30 -7.78830234e+25
1423 30 -5.79099885e+24
1424 30 9.26662208e+26
1425 30 3.83132845e+24
1426 30 -1.02849529e+27
1427 30 -5.979472e+24
1428 30 -1.05549711e+26
6121 30 -4.85974836e+16
6122 30 -1.782624e+18
6123 30 2.48769157e+17
6124 30 -5.23501094e+09
6125 30 26725295.8
6126 30 -831160933
6127 30 -5.5551996e+16
6128 30 -1.77889259e+18
6129 30 2.48849558e+17
6130 30 -5.25929806e+09
6131 30 53058706
6132 30 -794772421
31 31 2.81117051e+27
32 31 9.24862248e+25
33 31 6.62442605e+24
34 31 9.28096401e+25
35 31 -2.80958034e+27
36 31 -3.95923136e+25
457 31 -8.53391241e+26
458 31 -2.44557201e+24
459 31 -6.86548817e+25
460 31 -3.64126618e+24
461 31 -6.91991261e+26
462 31 7.00637542e+25
1495 31 -7.49058564e+26
1496 31 -4.46619471e+24
1497 31 -8.14907044e+25
1498 31 -2.31387611e+24
1499 31 -5.3654259e+26
1500 31 4.98028245e+25
6037 31 -1.289601e+27
6038 31 -8.34669241e+25
6039 31 -2.09274628e+26
6040 31 8.50569181e+25
6041 31 -1.57160826e+27
6042 31 1.01154982e+26
31 32 9.24862248e+25
32 32 1.25884176e+27
33 32 -1.24723097e+23
34 32 1.22878705e+27
35 32 -9.22267577e+25
36 32 1.36589494e+27
457 32 -3.03075345e+25
458 32 -6.28710224e+26
459 32 6.08135895e+25
460 32 5.14719635e+26
461 32 -1.96624499e+25
462 32 5.21474295e+25
1495 32 -4.05827118e+25
1496 32 -5.65786604e+26
1497 32 4.8131309e+25
1498 32 4.055479e+26
1499 32 -2.44444461e+25
1500 32 5.22549067e+25
6037 32 -1.14873102e+25
6038 32 -7.4794135e+26
6039 32 3.87116338e+25
6040 32 9.05773726e+26
6041 32 -2.89923862e+24
6042 32 1.87213839e+26
31 33 6.62442605e+24
32 33 -1.24723097e+23
33 33 2.58156821e+25
34 33 1.45968757e+23
35 33 -1.56682917e+25
36 33 -5.8288244e+23
457 33 2.87951771e+23
458 33 -3.3240324e+23
459 33 -6.71370489e+24
460 33 -2.25062511e+23
461 33 -2.69888782e+24
462 33 2.55125425e+23
1495 33 3.02631936e+23
1496 33 -2.42340946e+23
1497 33 -5.29064349e+24
1498 33 -8.69049225e+22
1499 33 -1.87545139e+24
1500 33 1.63711813e+23
6037 33 1.0454169e+24
6038 33 -2.79819287e+23
6039 33 -1.13621358e+25
6040 33 3.52992115e+23
6041 33 -1.10554738e+25
6042 33 6.4947608e+23
31 34 9.28096401e+25
32 34 1.22878705e+27
33 34 1.45968757e+23
34 34 1.20981199e+27
35 34 -9.25645562e+25
36 34 1.35404768e+27
457 34 -3.0199702e+25
458 34 -6.28356769e+26
459 34 6.06847281e+25
460 34 5.12877994e+26
461 34 -1.97878284e+25
462 34 5.01874383e+25
1495 34 -4.05966673e+25
1496 34 -5.65420351e+26
1497 34 4.79287164e+25
1498 34 4.04289364e+26
1499 34 -2.46310071e+25
1500 34 5.08787663e+25
6037 34 -1.17046155e+25
6038 34 -7.40580003e+26
6039 34 3.79930255e+25
6040 34 8.89208236e+26
6041 34 -4.14763553e+24
6042 34 1.78765914e+26
31 35 -2.80958034e+27
32 35 -9.22267577e+25
33 35 -1.56682917e+25
34 35 -9.25645562e+25
35 35 2.81906982e+27
36 35 4.07546258e+25
457 35 8.56264822e+26
458 35 2.23375094e+24
459 35 7.20282584e+25
460 35 4.02593111e+24
461 35 6.94535616e+26
462 35 -7.03382833e+25
1495 35 7.51199581e+26
1496 35 4.39994585e+24
1497 35 8.41286545e+25
1498 35 2.45709452e+24
1499 35 5.38260065e+26
1500 35 -5.00284424e+25
6037 35 1.29230652e+27
6038 35 8.3400185e+25
6039 35 2.18779151e+26
6040 35 -8.46782524e+25
6041 35 1.57682623e+27
6042 35 -1.01478093e+26
31 36 -3.95923136e+25
32 36 1.36589494e+27
33 36 -5.8288244e+23
34 36 1.35404768e+27
35 36 4.07546258e+25
36 36 1.68871403e+27
457 36 3.77817628e+24
458 36 -5.74205624e+26
459 36 5.80837738e+25
460 36 4.67420842e+26
461 36 6.70836364e+24
462 36 3.68237447e+25
1495 36 1.66579526e+25
1496 36 -5.01682819e+26
1497 36 4.84382175e+25
1498 36 3.58339736e+26
1499 36 1.54908728e+25
1500 36 3.77632995e+25
6037 36 5.93592032e+25
6038 36 -1.11160949e+27
6039 36 7.01423178e+25
6040 36 1.32981276e+27
6041 36 8.49635929e+25
6042 36 2.25546759e+26
37 37 5.77684867e+27
38 37 1.04581199e+25
39 37 1.78594783e+25
40 37 7.5010826e+24
41 37 -5.78555835e+27
42 37 9.48277743e+25
217 37 -9.67827303e+26
218 37 1.15843345e+25
219 37 -1.37425821e+26
220 37 -2.39169978e+25
221 37 -8.68815499e+26
222 37 9.7053505e+25
1633 37 -1.155426e+27
1634 37 -2.49067442e+25
1635 37 -1.60326344e+26
1636 37 8.41862274e+24
1637 37 -1.25816326e+27
1638 37 1.35148795e+26
5893 37 -1.36501416e+27
5894 37 -3.01543073e+25
5895 37 -1.77043035e+26
5896 37 2.10438392e+25
5897 37 -1.79019427e+27
5898 37 1.54471654e+26
5899 37 -1.38791494e+27
5900 37 -1.4865283e+25
5901 37 -1.75549978e+26
5902 37 -1.43074703e+24
5903 37 -1.8409845e+27
5904 37 1.80783071e+26
37 38 1.04581199e+25
38 38 3.25141984e+27
39 38 -2.15284047e+24
40 38 3.20725657e+27
41 38 -5.93120593e+24
42 38 2.11280454e+27
217 38 -5.04229381e+25
218 38 -8.75958071e+26
219 38 9.19445872e+25
220 38 7.8192691e+26
221 38 -3.20297528e+25
222 38 1.25662035e+26
1633 38 -2.66232402e+25
1634 38 -1.17133827e+27
1635 38 1.16787493e+26
1636 38 1.26340633e+27
1637 38 -1.01287021e+25
1638 38 1.86906798e+26
5893 38 9.58103382e+24
5894 38 -7.8531166e+26
5895 38 6.50962762e+25
5896 38 1.04103445e+27
5897 38 2.62628306e+25
5898 38 1.81516873e+26
5899 38 -1.90080784e+24
5900 38 -7.66920394e+26
5901 38 7.21740422e+25
5902 38 1.03306862e+27
5903 38 1.26410374e+25
5904 38 1.7871423e+26
37 39 1.78594783e+25
38 39 -2.15284047e+24
39 39 5.75921839e+25
40 39 -2.65044024e+24
41 39 -3.19442142e+25
42 39 -1.56987667e+24
217 39 7.47723659e+23
218 39 -5.7527203e+23
219 39 -1.02837657e+25
220 39 -6.31767216e+23
221 39 -2.95752664e+24
222 39 2.4825755e+23
1633 39 1.19349602e+24
1634 39 -8.66387793e+23
1635 39 -1.6767145e+25
1636 39 -9.86966404e+23
1637 39 -1.65346207e+24
1638 39 3.0712463e+22
5893 39 9.56420409e+23
5894 39 -4.99581974e+23
5895 39 -1.30743993e+25
5896 39 -8.72517926e+23
5897 39 -1.32647146e+25
5898 39 1.08562158e+24
5899 39 9.17457858e+23
5900 39 -5.75482344e+23
5901 39 -1.29438978e+25
5902 39 -1.16397947e+24
5903 39 -1.39075172e+25
5904 39 1.31352903e+24
37 40 7.5010826e+24
38 40 3.20725657e+27
39 40 -2.65044024e+24
40 40 3.18137594e+27
41 40 -3.0322416e+24
42 40 2.08778173e+27
217 40 -5.02777161e+25
218 40 -8.78001585e+26
219 40 9.22727441e+25
220 40 7.82957655e+26
221 40 -3.20301152e+25
222 40 1.23731249e+26
1633 40 -2.67750531e+25
1634 40 -1.17962731e+27
1635 40 1.17664187e+26
1636 40 1.27231567e+27
1637 40 -1.01890966e+25
1638 40 1.87854928e+26
5893 40 1.02608663e+25
5894 40 -7.77945569e+26
5895 40 6.48609655e+25
5896 40 1.02187022e+27
5897 40 2.66745332e+25
5898 40 1.71961435e+26
5899 40 -1.03330371e+24
5900 40 -7.58971553e+26
5901 40 7.18176762e+25
5902 40 1.0122384e+27
5903 40 1.3348796e+25
5904 40 1.68855103e+26
37 41 -5.78555835e+27
38 41 -5.93120593e+24
39 41 -3.19442142e+25
40 41 -3.0322416e+24
41 41 5.81255065e+27
42 41 -9.05130052e+25
217 41 9.72134658e+26
218 41 -1.19463719e+25
219 41 1.40766601e+26
220 41 2.4574684e+25
221 41 8.73030013e+26
222 41 -9.73694047e+25
1633 41 1.16371016e+27
1634 41 2.50465258e+25
1635 41 1.61821522e+26
1636 41 -8.40458428e+24
1637 41 1.26717092e+27
1638 41 -1.36057991e+26
5893 41 1.36878548e+27
5894 41 2.91958746e+25
5895 41 1.87697845e+26
5896 41 -1.84512377e+25
5897 41 1.79710433e+27
5898 41 -1.54303144e+26
5899 41 1.39153347e+27
5900 41 1.37025064e+25
5901 41 1.86637153e+26
5902 41 4.5785158e+24
5903 41 1.84781351e+27
5904 41 -1.80596919e+26
37 42 9.48277743e+25
38 42 2.11280454e+27
39 42 -1.56987667e+24
40 42 2.08778173e+27
41 42 -9.05130052e+25
42 42 2.78656089e+27
217 42 -3.19059814e+25
218 42 -4.44580608e+26
219 42 4.57791101e+25
220 42 3.95606608e+26
221 42 -2.29226214e+25
222 42 5.37829671e+25
1633 42 -4.52567209e+24
1634 42 -4.41279564e+25
1635 42 3.90325766e+24
1636 42 4.99094208e+25
1637 42 -6.18546438e+24
1638 42 -1.23555531e+25
5893 42 -2.90363952e+25
5894 42 -1.14500898e+27
5895 42 8.91408152e+25
5896 42 1.49422744e+27
5897 42 -2.20269875e+25
5898 42 2.0795606e+26
5899 42 -4.72183715e+25
5900 42 -1.17655168e+27
5901 42 1.04927493e+26
5902 42 1.5585181e+27
5903 42 -4.38646104e+25
5904 42 2.13864782e+26
43 43 1.55076211e+27
44 43 6.49488568e+25
45 43 4.66364019e+24
46 43 6.56573686e+25
47 43 -1.55230919e+27
48 43 -4.17355686e+25
1687 43 -1.27251092e+27
1688 43 1.45858465e+25
1689 43 -1.2156144e+26
1690 43 -2.89361009e+25
1691 43 -1.55006842e+27
1692 43 1.10304979e+26
43 44 6.49488568e+25
44 44 7.38904208e+26
45 44 -3.83786838e+21
46 44 7.21283577e+26
47 44 -6.52618026e+25
48 44 7.73511128e+26
1687 44 -7.72711464e+25
1688 44 -8.49866613e+26
1689 44 5.40261443e+25
1690 44 1.04663208e+27
1691 44 -8.4492791e+25
1692 44 1.42305415e+26
43 45 4.66364019e+24
44 45 -3.83786838e+21
45 45 1.4485497e+25
46 45 2.65473876e+23
47 45 -9.85091813e+24
48 45 -3.95565929e+23
1687 45 7.14304411e+23
1688 45 -4.60630483e+23
1689 45 -1.33591913e+25
1690 45 -3.77682309e+23
1691 45 -9.83358639e+24
1692 45 6.52281807e+23
43 46 6.56573686e+25
44 46 7.21283577e+26
45 46 2.65473876e+23
46 46 7.09507649e+26
47 46 -6.59830017e+25
48 46 7.68880527e+26
1687 46 -7.73057553e+25
1688 46 -8.46518118e+26
1689 46 5.3317118e+25
1690 46 1.03602729e+27
1691 46 -8.51347377e+25
1692 46 1.35394447e+26
43 47 -1.55230919e+27
44 47 -6.52618026e+25
45 47 -9.85091813e+24
46 47 -6.59830017e+25
47 47 1.55970098e+27
48 47 4.24362214e+25
1687 47 1.27774266e+27
1688 47 -1.47717841e+25
1689 47 1.29909998e+26
1690 47 2.9475586e+25
1691 47 1.55743469e+27
1692 47 -1.11131074e+26
43 48 -4.17355686e+25
44 48 7.73511128e+26
45 48 -3.95565929e+23
46 48 7.68880527e+26
47 48 4.24362214e+25
48 48 8.90825067e+26
1687 48 1.00338228e+25
1688 48 -9.63212085e+26
1689 48 7.04715874e+25
1690 48 1.17210277e+27
1691 48 1.99348396e+25
1692 48 1.11018506e+26
49 49 1.42603379e+27
50 49 5.25531972e+24
51 49 3.54807024e+24
52 49 4.97623572e+24
53 49 -1.42821206e+27
54 49 4.97922164e+24
1837 49 -1.2161238e+27
1838 49 -1.13957857e+25
1839 49 -1.01721181e+26
1840 49 8.12039374e+24
1841 49 -1.42665283e+27
1842 49 6.6595667e+25
5683 49 3.18562975e+18
5684 49 8.72937981e+16
5685 49 3.49707545e+17
5686 49 121015305
5687 49 -9.47388077e+09
5688 49 1.26248656e+09
49 50 5.25531972e+24
50 50 7.44210741e+26
51 50 -2.19056279e+23
52 50 7.29994903e+26
53 50 -4.71863903e+24
54 50 7.14977862e+26
1837 50 -2.99339756e+24
1838 50 -8.58312879e+26
1839 50 3.82215221e+25
1840 50 1.0150735e+27
1841 50 1.48233181e+24
1842 50 1.17182601e+26
5683 50 8.58752348e+16
5684 50 8.97562384e+17
5685 50 -1.08571625e+17
5686 50 2.67851862e+09
5687 50 -216086774
5688 50 332195958
49 51 3.54807024e+24
50 51 -2.19056279e+23
51 51 1.38359305e+25
52 51 -2.38371101e+23
53 51 -8.35001626e+24
54 51 -2.57596688e+23
1837 51 6.09210761e+23
1838 51 -2.80603116e+23
1839 51 -1.30153199e+25
1840 51 -3.43665092e+23
1841 51 -8.34246713e+24
1842 51 3.62056532e+23
5683 51 2007280
5684 51 -2333426
5685 51 -35405400
5686 51 0.00336831063
5687 51 0.183690816
5688 51 -0.0238306038
49 52 4.97623572e+24
50 52 7.29994903e+26
51 52 -2.38371101e+23
52 52 7.20661329e+26
53 52 -4.44091622e+24
54 52 7.12900042e+26
1837 52 -2.78356633e+24
1838 52 -8.56401346e+26
1839 52 3.81755602e+25
1840 52 1.00758332e+27
1841 52 1.47976963e+24
1842 52 1.11232196e+26
5683 52 8.58752348e+16
5684 52 8.97562384e+17
5685 52 -1.08571625e+17
5686 52 2.67851862e+09
5687 52 -216086774
5688 52 332195959
49 53 -1.42821206e+27
50 53 -4.71863903e+24
51 53 -8.35001626e+24
52 53 -4.44091622e+24
53 53 1.43527259e+27
54 53 -4.50423993e+24
1837 53 1.22148567e+27
1838 53 1.11287485e+25
1839 53 1.09041966e+26
1840 53 -7.41988103e+24
1841 53 1.4337118e+27
1842 53 -6.68044847e+25
5683 53 -3.18562975e+18
5684 53 -8.72937981e+16
5685 53 -3.49707545e+17
5686 53 -121015305
5687 53 9.47388077e+09
5688 53 -1.26248656e+09
49 54 4.97922164e+24
50 54 7.14977862e+26
51 54 -2.57596688e+23
52 54 7.12900042e+26
53 54 -4.50423993e+24
54 54 7.44134053e+26
1837 54 -2.91453639e+24
1838 54 -8.78394062e+26
1839 54 3.91204974e+25
1840 54 1.02696644e+27
1841 54 2.46833369e+23
1842 54 8.55693883e+25
5683 54 2.97281465e+16
5684 54 3.03457502e+18
5685 54 -3.96620537e+17
5686 54 9.06726373e+09
5687 54 44777630.2
5688 54 1.02222145e+09
55 55 1.6856288e+27
56 55 -2.62569438e+25
57 55 -7.01516925e+24
58 55 -2.60067146e+25
59 55 -1.68407468e+27
60 55 -4.68025684e+25
1939 55 -1.39648258e+27
1940 55 7.80981227e+25
1941 55 -1.34806301e+26
1942 55 -1.30106397e+26
1943 55 -1.63234515e+27
1944 55 3.96857642e+26
5575 55 3.77221081e+18
5576 55 -2.70376602e+16
5577 55 8.03268115e+17
5578 55 -230633816
5579 55 -1.4355305e+10
5580 55 599881290
55 56 -2.62569438e+25
56 56 3.37590737e+26
57 56 -6.51868572e+23
58 56 3.17738186e+26
59 56 2.44412356e+25
60 56 -6.25142323e+26
1939 56 -3.36484635e+25
1940 56 -5.51228998e+26
1941 56 1.32071488e+26
1942 56 6.99822669e+26
1943 56 -3.42142745e+25
1944 56 3.78875792e+25
5575 56 7.84540185e+17
5576 56 2.81450041e+18
5577 56 3.95816682e+16
5578 56 1.02402518e+10
5579 56 -2.88691901e+09
5580 56 2.30777866e+09
55 57 -7.01516925e+24
56 57 -6.51868572e+23
57 57 1.26271176e+25
58 57 -2.64001944e+23
59 57 1.11690708e+25
60 57 1.56547896e+24
1939 57 4.52885997e+23
1940 57 -1.05989709e+24
1941 57 -9.03282188e+24
1942 57 -4.39121354e+23
1943 57 1.08965661e+25
1944 57 -2.88800665e+24
5575 57 13930160
5576 57 -2961664
5577 57 -131033426
5578 57 0.0675580204
5579 57 -0.21593982
5580 57 0.0241255462
55 58 -2.60067146e+25
56 58 3.17738186e+26
57 58 -2.64001944e+23
58 58 3.0659702e+26
59 58 2.42665291e+25
60 58 -6.11918645e+26
1939 58 -3.36459329e+25
1940 58 -5.46179215e+26
1941 58 1.30468326e+26
1942 58 6.8289224e+26
1943 58 -3.21505037e+25
1944 58 4.07376966e+25
5575 58 7.84540185e+17
5576 58 2.81450041e+18
5577 58 3.95816682e+16
5578 58 1.02402518e+10
5579 58 -2.88691901e+09
5580 58 2.30777866e+09
55 59 -1.68407468e+27
56 59 2.44412356e+25
57 59 1.11690708e+25
58 59 2.42665291e+25
59 59 1.69123194e+27
60 59 5.17289952e+25
1939 59 1.40349987e+27
1940 59 -7.64659868e+25
1941 59 1.25046414e+26
1942 59 1.2565412e+26
1943 59 1.63959546e+27
1944 59 -3.9933445e+26
5575 59 -3.77221081e+18
5576 59 2.70376603e+16
5577 59 -8.03268115e+17
5578 59 230633816
5579 59 1.4355305e+10
5580 59 -599881290
55 60 -4.68025684e+25
56 60 -6.25142323e+26
57 60 1.56547896e+24
58 60 -6.11918645e+26
59 60 5.17289952e+25
60 60 1.32775261e+27
1939 60 1.59427728e+26
1940 60 1.17093039e+27
1941 60 -2.73721554e+26
1942 60 -1.44590217e+27
1943 60 1.5922082e+26
1944 60 -1.55122424e+26
5575 60 5.42757774e+17
5576 60 -3.04285179e+18
5577 60 2.52950292e+17
5578 60 -1.11197552e+10
5579 60 -2.17182606e+09
5580 60 -2.26610232e+09
61 61 1.62993158e+27
62 61 8.26800107e+25
63 61 5.35847978e+24
64 61 8.38120045e+25
65 61 -1.63106853e+27
66 61 -5.68481765e+25
2053 61 -1.30649869e+27
2054 61 -3.28123204e+23
2055 61 -9.90964659e+25
2056 61 -8.38963638e+24
2057 61 -1.63103817e+27
2058 61 1.01414123e+26
5461 61 3.97935082e+18
5462 61 -1.24211186e+17
5463 61 4.08098845e+17
5464 61 -571672713
5465 61 -1.53474003e+10
5466 61 903132855
61 62 8.26800107e+25
62 62 7.13964306e+26
63 62 1.54398143e+23
64 62 6.94401331e+26
65 62 -8.34650967e+25
66 62 8.01362473e+26
2053 62 -7.74835087e+25
2054 62 -8.3002836e+26
2055 62 4.5951707e+25
2056 62 1.05256439e+27
2057 62 -8.88787971e+25
2058 62 1.2470045e+26
5461 62 4.62412658e+17
5462 62 5.42540443e+17
5463 62 1.25595154e+16
5464 62 2.06807989e+09
5465 62 -1.77002622e+09
5466 62 318841205
61 63 5.35847978e+24
62 63 1.54398143e+23
63 63 1.47690271e+25
64 63 5.09988027e+23
65 63 -1.07282398e+25
66 63 -3.4690781e+23
2053 63 5.88736336e+23
2054 63 -3.95180423e+23
2055 63 -1.33614932e+25
2056 63 -5.60103134e+22
2057 63 -1.07280401e+25
2058 63 6.17721885e+23
5461 63 1401464
5462 63 -871978
5463 63 -27861718
5464 63 0.0118012428
5465 63 0.391331792
5466 63 -0.023307506
61 64 8.38120045e+25
62 64 6.94401331e+26
63 64 5.09988027e+23
64 64 6.8140392e+26
65 64 -8.46113453e+25
66 64 7.94980151e+26
2053 64 -7.77437231e+25
2054 64 -8.26107506e+26
2055 64 4.50580348e+25
2056 64 1.03997977e+27
2057 64 -8.99608396e+25
2058 64 1.17528485e+26
5461 64 4.62412658e+17
5462 64 5.42540443e+17
5463 64 1.25595154e+16
5464 64 2.06807989e+09
5465 64 -1.77002622e+09
5466 64 318841205
61 65 -1.63106853e+27
62 65 -8.34650967e+25
63 65 -1.07282398e+25
64 65 -8.46113453e+25
65 65 1.63877105e+27
66 65 5.7392672e+25
2053 65 1.31195325e+27
2054 65 3.70040461e+23
2055 65 1.07993805e+26
2056 65 8.43110324e+24
2057 65 1.63874049e+27
2058 65 -1.0238196e+26
5461 65 -3.97935082e+18
5462 65 1.24211186e+17
5463 65 -4.08098845e+17
5464 65 571672714
5465 65 1.53474003e+10
5466 65 -903132855
61 66 -5.68481765e+25
62 66 8.01362473e+26
63 66 -3.4690781e+23
64 66 7.94980151e+26
65 66 5.7392672e+25
66 66 1.00069584e+27
2053 66 3.60036631e+25
2054 66 -1.01932095e+27
2055 66 6.6392663e+25
2056 66 1.2747075e+27
2057 66 5.08337483e+25
2058 66 9.60012388e+25
5461 66 1.36651408e+17
5462 66 4.00719104e+18
5463 66 -2.37075843e+17
5464 66 1.53536024e+10
5465 66 -430605727
5466 66 1.5715307e+09
67 67 2.05327127e+27
68 67 -1.26169077e+25
69 67 5.97829647e+24
70 67 -1.30734078e+25
71 67 -2.05039505e+27
72 67 1.64639424e+25
2119 67 -7.63842852e+26
2120 67 3.48379742e+24
2121 67 -7.86300132e+25
2122 67 -6.24980453e+24
2123 67 -5.63532324e+26
2124 67 3.6458587e+25
5395 67 -1.24612896e+27
5396 67 2.83853741e+25
5397 67 -1.92484628e+26
5398 67 -3.58130349e+25
5399 67 -1.48530047e+27
5400 67 1.53935172e+25
67 68 -1.26169077e+25
68 68 7.75429976e+26
69 68 -1.70867026e+23
70 68 7.50869412e+26
71 68 1.32147006e+25
72 68 9.7457311e+26
2119 68 -1.39416202e+25
2120 68 -5.55513799e+26
2121 68 3.4690768e+25
2122 68 4.09484372e+26
2123 68 -7.28317624e+24
2124 68 4.86305564e+25
5395 68 -3.86690783e+24
5396 68 -6.83087611e+26
5397 68 8.60684944e+24
5398 68 8.10252e+26
5399 68 -3.25610465e+24
5400 68 1.5720131e+26
67 69 5.97829647e+24
68 69 -1.70867026e+23
69 69 1.78065279e+25
70 69 -2.62267134e+23
71 69 -1.24053663e+25
72 69 -1.41292787e+23
2119 69 2.87158404e+23
2120 69 -1.70969201e+23
2121 69 -5.32743677e+24
2122 69 -1.55066158e+23
2123 69 -2.08504011e+24
2124 69 1.21656108e+23
5395 69 8.71038915e+23
5396 69 -6.91971317e+22
5397 69 -1.01535687e+25
5398 69 -4.15500108e+23
5399 69 -1.03071443e+25
5400 69 1.0197607e+23
67 70 -1.30734078e+25
68 70 7.50869412e+26
69 70 -2.62267134e+23
70 70 7.35422905e+26
71 70 1.36663267e+25
72 70 9.62188688e+26
2119 70 -1.38088394e+25
2120 70 -5.54831766e+26
2121 70 3.46749155e+25
2122 70 4.0779302e+26
2123 70 -7.24985749e+24
2124 70 4.70904669e+25
5395 70 -3.52922845e+24
5396 70 -6.75774028e+26
5397 70 8.70387943e+24
5398 70 7.94112843e+26
5399 70 -2.62803709e+24
5400 70 1.49545516e+26
67 71 -2.05039505e+27
68 71 1.32147006e+25
69 71 -1.24053663e+25
70 71 1.36663267e+25
71 71 2.05663289e+27
72 71 -1.59742779e+25
2119 71 7.65939335e+26
2120 71 -3.66234295e+24
2121 71 8.14930446e+25
2122 71 6.51677156e+24
2123 71 5.65289567e+26
2124 71 -3.65292542e+25
5395 71 1.24844484e+27
5396 71 -2.86581356e+25
5397 71 2.01538454e+26
5398 71 3.64066784e+25
5399 71 1.48976519e+27
5400 71 -1.52465904e+25
67 72 1.64639424e+25
68 72 9.7457311e+26
69 72 -1.41292787e+23
70 72 9.62188688e+26
71 72 -1.59742779e+25
72 72 1.38912631e+27
2119 72 -1.37954062e+25
2120 72 -5.38146199e+26
2121 72 3.35771976e+25
2122 72 3.94590908e+26
2123 72 -7.57509874e+24
2124 72 4.13061216e+25
5395 72 -3.95612046e+25
5396 72 -1.09836506e+27
5397 72 8.67882706e+24
5398 72 1.28491841e+27
5399 72 -4.46374652e+25
5400 72 2.08430876e+26
73 73 1.29978101e+27
74 73 1.07142192e+25
75 73 2.69939491e+24
76 73 1.04561586e+25
77 73 -1.3020376e+27
78 73 3.33353555e+24
2347 73 -1.17026652e+27
2348 73 -6.75496237e+24
2349 73 -1.18435787e+26
2350 73 -5.26815779e+23
2351 73 -1.29948137e+27
2352 73 8.22814132e+25
4447 73 3.27677279e+18
4448 73 -3.59355783e+16
4449 73 3.55304231e+17
4450 73 -206543717
4451 73 -1.07032347e+10
4452 73 822309107
4969 73 3.53863059e+18
4970 73 -1.43090548e+17
4971 73 -1.19783361e+16
4972 73 -476206230
4973 73 -1.18261651e+10
4974 73 592279105
73 74 1.07142192e+25
74 74 7.37277175e+26
75 74 -2.57566279e+23
76 74 7.258091e+26
77 74 -1.0165039e+25
78 74 6.50564965e+26
2347 74 -1.57184553e+25
2348 74 -8.67152462e+26
2349 74 5.19179702e+25
2350 74 9.66521322e+26
2351 74 -1.01089377e+25
2352 74 1.25981329e+26
4447 74 1.13375227e+17
4448 74 1.50444216e+18
4449 74 -1.06510941e+17
4450 74 4.88458247e+09
4451 74 -329067333
4452 74 551378826
4969 74 1.23895251e+17
4970 74 1.45033538e+18
4971 74 -7.29895918e+16
4972 74 4.8591209e+09
4973 74 -415370068
4974 74 -5533698.2
73 75 2.69939491e+24
74 75 -2.57566279e+23
75 75 1.30556807e+25
76 75 -2.67275119e+23
77 75 -7.06626259e+24
78 75 -2.91119612e+23
2347 75 6.88566921e+23
2348 75 -3.72099871e+23
2349 75 -1.24556918e+25
2350 75 -4.48602581e+23
2351 75 -7.05157837e+24
2352 75 4.02804872e+23
4447 75 3460424
4448 75 -2538368
4449 75 -64340312
4450 75 0.00999739766
4451 75 0.214929879
4452 75 -0.0158834131
4969 75 -172824
4970 75 -1595560
4971 75 -63995687
4972 75 0.01267685
4973 75 0.23612684
4974 75 -0.0118428394
73 76 1.04561586e+25
74 76 7.258091e+26
75 76 -2.67275119e+23
76 76 7.18394623e+26
77 76 -9.90759715e+24
78 76 6.49858947e+26
2347 76 -1.54791414e+25
2348 76 -8.65919552e+26
2349 76 5.18675655e+25
2350 76 9.61148618e+26
2351 76 -1.01143567e+25
2352 76 1.20816716e+26
4447 76 1.13375227e+17
4448 76 1.50444216e+18
4449 76 -1.06510941e+17
4450 76 4.88458247e+09
4451 76 -329067333
4452 76 551378826
4969 76 1.23895251e+17
4970 76 1.45033538e+18
4971 76 -7.29895918e+16
4972 76 4.8591209e+09
4973 76 -415370068
4974 76 -5533698.1
73 77 -1.3020376e+27
74 77 -1.0165039e+25
75 77 -7.06626259e+24
76 77 -9.90759715e+24
77 77 1.30834778e+27
78 77 -2.84111134e+24
2347 77 1.17527331e+27
2348 77 6.43401056e+24
2349 77 1.24946334e+26
