{
    "300": {
        "43": {
            "camera_pose": [
                [
                    -0.9833717942237854,
                    0.01649075746536255,
                    -0.18085330724716187,
                    -35.75242614746094
                ],
                [
                    -0.02249460481107235,
                    -0.9992601275444031,
                    0.0311965923756361,
                    0.7066113948822021
                ],
                [
                    -0.18020501732826233,
                    0.03474607318639755,
                    0.9830151200294495,
                    -2.6630101203918457
                ],
                [
                    0.0,
                    0.0,
                    0.0,
                    0.9999999403953552
                ]
            ],
            "corner_pixels": [
                [
                    1108.9277259679789,
                    834.7251079926913,
                    827.8943361391397,
                    1103.5413301889425
                ],
                [
                    655.527173696119,
                    649.5404869259894,
                    924.4623919475875,
                    930.9232624010647
                ]
            ],
            "tag_pose": [
                [
                    -0.9997085928916931,
                    -0.022494835779070854,
                    -0.008758649230003357,
                    0.007934429682791233
                ],
                [
                    -0.022209640592336655,
                    0.9992600679397583,
                    -0.03140038624405861,
                    0.039763569831848145
                ],
                [
                    0.00945848599076271,
                    -0.031196709722280502,
                    -0.9994685649871826,
                    0.8965003490447998
                ],
                [
                    0.0,
                    0.0,
                    0.0,
                    1.0
                ]
            ]
        },
        "44": {
            "camera_pose": [
                [
                    -0.9843654036521912,
                    0.015736550092697144,
                    -0.17543356120586395,
                    -35.75440216064453
                ],
                [
                    -0.02109227143228054,
                    -0.9993653893470764,
                    0.028705695644021034,
                    0.7047916054725647
                ],
                [
                    -0.17487047612667084,
                    0.03195718675851822,
                    0.9840726852416992,
                    -2.667731285095215
                ],
                [
                    0.0,
                    0.0,
                    0.0,
                    0.9999999403953552
                ]
            ],
            "corner_pixels": [
                [
                    1108.9277259679789,
                    834.7251079926913,
                    827.8943361391397,
                    1103.5413301889425
                ],
                [
                    655.527173696119,
                    649.5404869259894,
                    924.4623919475875,
                    930.9232624010647
                ]
            ],
            "tag_pose": [
                [
                    -0.9997698068618774,
                    -0.021092521026730537,
                    -0.003948888275772333,
                    -0.00020994893566239625
                ],
                [
                    -0.02097025327384472,
                    0.9993653297424316,
                    -0.028795277699828148,
                    0.03875398635864258
                ],
                [
                    0.004553734324872494,
                    -0.028705839067697525,
                    -0.9995775818824768,
                    0.892303466796875
                ],
                [
                    0.0,
                    0.0,
                    0.0,
                    1.0
                ]
            ]
        },
        "45": {
            "camera_pose": [
                [
                    -0.9885393977165222,
                    -0.001393419224768877,
                    -0.15095628798007965,
                    -35.74470520019531
                ],
                [
                    -0.006460190284997225,
                    -0.9986509680747986,
                    0.05152280628681183,
                    0.7116492390632629
                ],
                [
                    -0.1508244425058365,
                    0.051907531917095184,
                    0.9871968626976013,
                    -2.6875176429748535
                ],
                [
                    0.0,
                    0.0,
                    0.0,
                    1.0000001192092896
                ]
            ],
            "corner_pixels": [
                [
                    1108.9277259679789,
                    834.7251079926913,
                    827.8943361391397,
                    1103.5413301889425
                ],
                [
                    655.527173696119,
                    649.5404869259894,
                    924.4623919475875,
                    930.9232624010647
                ]
            ],
            "tag_pose": [
                [
                    -0.9999157190322876,
                    -0.0064605590887367725,
                    0.011264005675911903,
                    -0.015331408008933067
                ],
                [
                    -0.007031950633972883,
                    0.9986509084701538,
                    -0.05144831910729408,
                    0.050320859998464584
                ],
                [
                    -0.010916391387581825,
                    -0.05152318626642227,
                    -0.9986120462417603,
                    0.8739961385726929
                ],
                [
                    0.0,
                    0.0,
                    0.0,
                    0.9999998807907104
                ]
            ]
        }
    },
    "302": {
        "38": {
            "camera_pose": [
                [
                    -0.9801743030548096,
                    0.009433751925826073,
                    -0.1979123204946518,
                    -21.901493072509766
                ],
                [
                    -0.02043759822845459,
                    -0.9983516931533813,
                    0.05363086238503456,
                    0.6727777719497681
                ],
                [
                    -0.19708013534545898,
                    0.05661245062947273,
                    0.9787514805793762,
                    -0.7171445488929749
                ],
                [
                    0.0,
                    0.0,
                    0.0,
                    1.0
                ]
            ],
            "corner_pixels": [
                [
                    1122.079600738152,
                    802.8652951831862,
                    794.6560203790722,
                    1117.2799442063867
                ],
                [
                    653.9602967010417,
                    648.194871203506,
                    968.8750986508087,
                    976.3356002729473
                ]
            ],
            "tag_pose": [
                [
                    -0.9994984865188599,
                    -0.02043774165213108,
                    -0.024188637733459473,
                    0.00214183097705245
                ],
                [
                    -0.019104542210698128,
                    0.9983516335487366,
                    -0.05412011593580246,
                    0.04410672187805176
                ],
                [
                    0.025254828855395317,
                    -0.05363085865974426,
                    -0.9982414245605469,
                    0.7599468231201172
                ],
                [
                    0.0,
                    0.0,
                    0.0,
                    1.0
                ]
            ]
        },
        "42": {
            "camera_pose": [
                [
                    -0.990427553653717,
                    -0.016664426773786545,
                    -0.13702306151390076,
                    -21.87681007385254
                ],
                [
                    0.01610606536269188,
                    -0.9998568892478943,
                    0.005182681139558554,
                    0.6717725992202759
                ],
                [
                    -0.1370898187160492,
                    0.002926168730482459,
                    0.9905542731285095,
                    -0.4059982895851135
                ],
                [
                    0.0,
                    0.0,
                    0.0,
                    1.0000001192092896
                ]
            ],
            "corner_pixels": [
                [
                    1122.079600738152,
                    802.8652951831862,
                    794.6560203790722,
                    1117.2799442063867
                ],
                [
                    653.9602967010417,
                    648.194871203506,
                    968.8750986508087,
                    976.3356002729473
                ]
            ],
            "tag_pose": [
                [
                    -0.9996168613433838,
                    0.01610592193901539,
                    0.022514713928103447,
                    -0.009922197088599205
                ],
                [
                    0.015984904021024704,
                    0.9998568296432495,
                    -0.005544672254472971,
                    0.01012602262198925
                ],
                [
                    -0.022600777447223663,
                    -0.005182652734220028,
                    -0.999731183052063,
                    1.1123085021972656
                ],
                [
                    0.0,
                    0.0,
                    0.0,
                    0.9999998807907104
                ]
            ]
        },
        "47": {
            "camera_pose": [
                [
                    -0.9896960854530334,
                    -0.03237636014819145,
                    -0.13947515189647675,
                    -21.702367782592773
                ],
                [
                    0.02176644094288349,
                    -0.996798574924469,
                    0.07693517208099365,
                    0.6625885963439941
                ],
                [
                    -0.14151950180530548,
                    0.0731065645813942,
                    0.9872323274612427,
                    -0.9840415716171265
                ],
                [
                    0.0,
                    0.0,
                    0.0,
                    1.0
                ]
            ],
            "corner_pixels": [
                [
                    1122.079600738152,
                    802.8652951831862,
                    794.6560203790722,
                    1117.2799442063867
                ],
                [
                    653.9602967010417,
                    648.194871203506,
                    968.8750986508087,
                    976.3356002729473
                ]
            ],
            "tag_pose": [
                [
                    -0.999402642250061,
                    0.021766310557723045,
                    0.026844166219234467,
                    -0.0010377225698903203
                ],
                [
                    0.019627708941698074,
                    0.9967982769012451,
                    -0.07750824093818665,
                    0.07204769551753998
                ],
                [
                    -0.028445275500416756,
                    -0.0769350603222847,
                    -0.9966301321983337,
                    0.755358099937439
                ],
                [
                    0.0,
                    0.0,
                    0.0,
                    0.9999998807907104
                ]
            ]
        }
    },
    "303": {
        "39": {
            "camera_pose": [
                [
                    0.9647476673126221,
                    0.03616846725344658,
                    0.26067930459976196,
                    -22.225128173828125
                ],
                [
                    0.00021094531984999776,
                    -0.9906174540519714,
                    0.1366645097732544,
                    0.48149824142456055
                ],
                [
                    0.2631763517856598,
                    -0.13179178535938263,
                    -0.9557034373283386,
                    1.587469220161438
                ],
                [
                    0.0,
                    0.0,
                    0.0,
                    1.0
                ]
            ],
            "corner_pixels": [
                [
                    1235.256141738408,
                    835.2005744965752,
                    831.1162576832849,
                    1245.3576389911675
                ],
                [
                    709.3774990845908,
                    713.3356818238165,
                    1119.4575311303922,
                    1122.58830416531
                ]
            ],
            "tag_pose": [
                [
                    -0.9976206421852112,
                    0.00021080505393911153,
                    -0.06893856823444366,
                    0.030147450044751167
                ],
                [
                    0.009629786014556885,
                    0.9906173348426819,
                    -0.1363249570131302,
                    0.07284165173768997
                ],
                [
                    0.068262979388237,
                    -0.1366645097732544,
                    -0.9882622957229614,
                    0.5984086990356445
                ],
                [
                    0.0,
                    0.0,
                    0.0,
                    1.0
                ]
            ]
        },
        "41": {
            "camera_pose": [
                [
                    0.9707323908805847,
                    -0.0051948861218988895,
                    0.2401072382926941,
                    -22.187644958496094
                ],
                [
                    -0.027327870950102806,
                    -0.9956617951393127,
                    0.08894235640764236,
                    0.488760381937027
                ],
                [
                    0.23860356211662292,
                    -0.092900849878788,
                    -0.9666632413864136,
                    1.373829960823059
                ],
                [
                    0.0,
                    0.0,
                    0.0,
                    1.0
                ]
            ],
            "corner_pixels": [
                [
                    1235.256141738408,
                    835.2005744965752,
                    831.1162576832849,
                    1245.3576389911675
                ],
                [
                    709.3774990845908,
                    713.3356818238165,
                    1119.4575311303922,
                    1122.58830416531
                ]
            ],
            "tag_pose": [
                [
                    -0.9972488284111023,
                    -0.027328014373779297,
                    -0.06890467554330826,
                    0.061250559985637665
                ],
                [
                    -0.021021751686930656,
                    0.9956618547439575,
                    -0.09064019471406937,
                    0.055439479649066925
                ],
                [
                    0.07108277827501297,
                    -0.08894235640764236,
                    -0.9934969544410706,
                    0.7860627174377441
                ],
                [
                    0.0,
                    0.0,
                    0.0,
                    1.0
                ]
            ]
        },
        "48": {
            "camera_pose": [
                [
                    0.9857646226882935,
                    0.02780396305024624,
                    0.1658160388469696,
                    -22.078819274902344
                ],
                [
                    0.00618944363668561,
                    -0.991564154624939,
                    0.12946926057338715,
                    0.48979294300079346
                ],
                [
                    0.16801698505878448,
                    -0.12659992277622223,
                    -0.9776208996772766,
                    1.0158897638320923
                ],
                [
                    0.0,
                    0.0,
                    0.0,
                    1.0
                ]
            ],
            "corner_pixels": [
                [
                    1235.256141738408,
                    835.2005744965752,
                    831.1162576832849,
                    1245.3576389911675
                ],
                [
                    709.3774990845908,
                    713.3356818238165,
                    1119.4575311303922,
                    1122.58830416531
                ]
            ],
            "tag_pose": [
                [
                    -0.9997586607933044,
                    0.006189287640154362,
                    0.021043766289949417,
                    -0.009645607322454453
                ],
                [
                    0.0034112101420760155,
                    0.9915640354156494,
                    -0.12957210838794708,
                    0.09486520290374756
                ],
                [
                    -0.0216682069003582,
                    -0.12946924567222595,
                    -0.9913459420204163,
                    0.869682788848877
                ],
                [
                    0.0,
                    0.0,
                    0.0,
                    0.9999999403953552
                ]
            ]
        },
        "49": {
            "camera_pose": [
                [
                    0.9863588213920593,
                    0.023894144222140312,
                    0.16286557912826538,
                    -22.07990837097168
                ],
                [
                    0.00235246610827744,
                    -0.9913538098335266,
                    0.13119514286518097,
                    0.4908464550971985
                ],
                [
                    0.1645922064781189,
                    -0.12902237474918365,
                    -0.9778867959976196,
                    1.0143362283706665
                ],
                [
                    0.0,
                    0.0,
                    0.0,
                    0.9999999403953552
                ]
            ],
            "corner_pixels": [
                [
                    1235.256141738408,
                    835.2005744965752,
                    831.1162576832849,
                    1245.3576389911675
                ],
                [
                    709.3774990845908,
                    713.3356818238165,
                    1119.4575311303922,
                    1122.58830416531
                ]
            ],
            "tag_pose": [
                [
                    -0.9997040629386902,
                    0.002352312905713916,
                    0.024218756705522537,
                    -0.00840392429381609
                ],
                [
                    -0.0008461005636490881,
                    0.9913537502288818,
                    -0.1312135010957718,
                    0.09639608860015869
                ],
                [
                    -0.024318011477589607,
                    -0.13119514286518097,
                    -0.9910584092140198,
                    0.8716206550598145
                ],
                [
                    0.0,
                    0.0,
                    0.0,
                    1.0
                ]
            ]
        }
    },
    "305": {
        "40": {
            "camera_pose": [
                [
                    0.9659504294395447,
                    -0.00046646976261399686,
                    0.2587268054485321,
                    -16.98259925842285
                ],
                [
                    -0.010022099129855633,
                    -0.9993154406547546,
                    0.03561556339263916,
                    0.6929437518119812
                ],
                [
                    0.2585330009460449,
                    -0.03699585795402527,
                    -0.965293824672699,
                    0.6893067955970764
                ],
                [
                    0.0,
                    0.0,
                    0.0,
                    1.0
                ]
            ],
            "corner_pixels": [
                [
                    1079.3865891927671,
                    833.8768388196327,
                    830.7503603896133,
                    1077.5909455466906
                ],
                [
                    652.605140018792,
                    650.4920748045473,
                    896.5017261166939,
                    899.3249662321288
                ]
            ],
            "tag_pose": [
                [
                    -0.9997840523719788,
                    -0.010022248141467571,
                    -0.018189065158367157,
                    0.000543438654858619
                ],
                [
                    -0.009366351179778576,
                    0.9993151426315308,
                    -0.03579363226890564,
                    0.03492867946624756
                ],
                [
                    0.01853533647954464,
                    -0.03561556339263916,
                    -0.9991932511329651,
                    0.996180534362793
                ],
                [
                    0.0,
                    0.0,
                    0.0,
                    1.0
                ]
            ]
        },
        "50": {
            "camera_pose": [
                [
                    0.9541394710540771,
                    -0.008652598597109318,
                    0.29923683404922485,
                    -16.770130157470703
                ],
                [
                    -0.014016819186508656,
                    -0.99977707862854,
                    0.01578459143638611,
                    0.6896554827690125
                ],
                [
                    0.29903361201286316,
                    -0.019255055114626884,
                    -0.9540481567382812,
                    0.6551445126533508
                ],
                [
                    0.0,
                    0.0,
                    0.0,
                    0.9999998807907104
                ]
            ],
            "corner_pixels": [
                [
                    1079.3865891927671,
                    833.8768388196327,
                    830.7503603896133,
                    1077.5909455466906
                ],
                [
                    652.605140018792,
                    650.4920748045473,
                    896.5017261166939,
                    899.3249662321288
                ]
            ],
            "tag_pose": [
                [
                    -0.9997732639312744,
                    -0.014016970060765743,
                    0.016028987243771553,
                    -0.033806949853897095
                ],
                [
                    -0.014266479760408401,
                    0.9997771978378296,
                    -0.01555944886058569,
                    0.017023378983139992
                ],
                [
                    -0.015807300806045532,
                    -0.015784602612257004,
                    -0.9997504949569702,
                    0.9500570297241211
                ],
                [
                    0.0,
                    0.0,
                    0.0,
                    1.0000001192092896
                ]
            ]
        }
    },
    "306": {
        "0": {
            "camera_pose": [
                [
                    -0.3591119945049286,
                    0.06168165057897568,
                    0.931253969669342,
                    -8.618973731994629
                ],
                [
                    -0.010446058586239815,
                    -0.9980168342590332,
                    0.06207546219229698,
                    0.5499927401542664
                ],
                [
                    0.9332359433174133,
                    0.01256410963833332,
                    0.3590441346168518,
                    2.943605422973633
                ],
                [
                    0.0,
                    0.0,
                    0.0,
                    0.9999999403953552
                ]
            ],
            "corner_pixels": [
                [
                    1212.419049529308,
                    804.8063000129501,
                    798.1313331709914,
                    1212.2103264605937
                ],
                [
                    567.4952807235709,
                    565.7184153929097,
                    974.3191343666299,
                    980.2466667111514
                ]
            ],
            "tag_pose": [
                [
                    -0.9992043972015381,
                    -0.010446207597851753,
                    -0.038494132459163666,
                    0.019080068916082382
                ],
                [
                    -0.00802853424102068,
                    0.9980166554450989,
                    -0.062434062361717224,
                    0.019433144479990005
                ],
                [
                    0.039070017635822296,
                    -0.06207531318068504,
                    -0.9973065853118896,
                    0.596339225769043
                ],
                [
                    0.0,
                    0.0,
                    0.0,
                    0.9999999403953552
                ]
            ]
        },
        "36": {
            "camera_pose": [
                [
                    -0.37202462553977966,
                    0.05064604431390762,
                    0.9268401861190796,
                    -7.66058874130249
                ],
                [
                    -0.00643919175490737,
                    -0.9986271858215332,
                    0.05198412388563156,
                    0.6305006742477417
                ],
                [
                    0.9282004237174988,
                    0.013371274806559086,
                    0.3718400299549103,
                    2.584527015686035
                ],
                [
                    0.0,
                    0.0,
                    0.0,
                    1.0
                ]
            ],
            "corner_pixels": [
                [
                    1212.419049529308,
                    804.8063000129501,
                    798.1313331709914,
                    1212.2103264605937
                ],
                [
                    567.4952807235709,
                    565.7184153929097,
                    974.3191343666299,
                    980.2466667111514
                ]
            ],
            "tag_pose": [
                [
                    -0.9969881772994995,
                    -0.006439327262341976,
                    -0.07728545367717743,
                    0.038780566304922104
                ],
                [
                    -0.0023935995995998383,
                    0.9986270666122437,
                    -0.05232670530676842,
                    0.04936177283525467
                ],
                [
                    0.0775163471698761,
                    -0.05198413133621216,
                    -0.9956346750259399,
                    0.7710733413696289
                ],
                [
                    0.0,
                    0.0,
                    0.0,
                    0.9999999403953552
                ]
            ]
        },
        "51": {
            "camera_pose": [
                [
                    -0.30465513467788696,
                    0.015421129763126373,
                    0.9523378610610962,
                    -7.513678073883057
                ],
                [
                    -0.012386818416416645,
                    -0.9998485445976257,
                    0.012227891944348812,
                    0.654098629951477
                ],
                [
                    0.9523821473121643,
                    -0.008071145974099636,
                    0.30480003356933594,
                    2.2363250255584717
                ],
                [
                    0.0,
                    0.0,
                    0.0,
                    0.9999999403953552
                ]
            ],
            "corner_pixels": [
                [
                    1212.419049529308,
                    804.8063000129501,
                    798.1313331709914,
                    1212.2103264605937
                ],
                [
                    567.4952807235709,
                    565.7184153929097,
                    974.3191343666299,
                    980.2466667111514
                ]
            ],
            "tag_pose": [
                [
                    -0.9989659786224365,
                    -0.012386706657707691,
                    -0.04373835772275925,
                    0.0036238606553524733
                ],
                [
                    -0.011839007958769798,
                    0.9998484253883362,
                    -0.012759036384522915,
                    -0.0056303138844668865
                ],
                [
                    0.04388976842164993,
                    -0.01222803071141243,
                    -0.9989612698554993,
                    0.6800074577331543
                ],
                [
                    0.0,
                    0.0,
                    0.0,
                    1.0
                ]
            ]
        }
    },
    "307": {
        "1": {
            "camera_pose": [
                [
                    -0.892523467540741,
                    0.013733779080212116,
                    -0.450791597366333,
                    -6.745626449584961
                ],
                [
                    -0.02052745781838894,
                    -0.9997373819351196,
                    0.010184455662965775,
                    0.6296502351760864
                ],
                [
                    -0.45053330063819885,
                    0.018343470990657806,
                    0.8925710916519165,
                    4.84657621383667
                ],
                [
                    0.0,
                    0.0,
                    0.0,
                    0.9999999403953552
                ]
            ],
            "corner_pixels": [
                [
                    1119.036008816967,
                    800.5040371799631,
                    793.6475883557398,
                    1112.8082744696203
                ],
                [
                    567.0387228773602,
                    560.8990555579651,
                    879.3747761135833,
                    886.278493865876
                ]
            ],
            "tag_pose": [
                [
                    -0.9997214674949646,
                    -0.02052750065922737,
                    -0.011660884134471416,
                    0.0009428293560631573
                ],
                [
                    -0.02040623128414154,
                    0.9997374415397644,
                    -0.010425149463117123,
                    0.0025832655373960733
                ],
                [
                    0.011871786788105965,
                    -0.010184288956224918,
                    -0.9998777508735657,
                    0.7662820816040039
                ],
                [
                    0.0,
                    0.0,
                    0.0,
                    1.0
                ]
            ]
        },
        "35": {
            "camera_pose": [
                [
                    -0.8625662922859192,
                    -0.015382576733827591,
                    -0.5057099461555481,
                    -5.900012016296387
                ],
                [
                    0.011304628103971481,
                    -0.9998741745948792,
                    0.011132165789604187,
                    0.7191690802574158
                ],
                [
                    -0.5058174729347229,
                    0.0038853699807077646,
                    0.8626317381858826,
                    4.434665203094482
                ],
                [
                    0.0,
                    0.0,
                    0.0,
                    1.0
                ]
            ],
            "corner_pixels": [
                [
                    1119.036008816967,
                    800.5040371799631,
                    793.6475883557398,
                    1112.8082744696203
                ],
                [
                    567.0387228773602,
                    560.8990555579651,
                    879.3747761135833,
                    886.278493865876
                ]
            ],
            "tag_pose": [
                [
                    -0.9995679259300232,
                    0.011304454877972603,
                    -0.027140256017446518,
                    0.012189281173050404
                ],
                [
                    0.011601758189499378,
                    0.9998741149902344,
                    -0.010821998119354248,
                    0.014357389882206917
                ],
                [
                    0.02701455168426037,
                    -0.01113219652324915,
                    -0.9995730519294739,
                    0.6990261077880859
                ],
                [
                    0.0,
                    0.0,
                    0.0,
                    1.0
                ]
            ]
        }
    },
    "308": {
        "2": {
            "camera_pose": [
                [
                    -0.44090011715888977,
                    0.027295880019664764,
                    0.8971409797668457,
                    3.9038217067718506
                ],
                [
                    -0.009001695550978184,
                    -0.9996217489242554,
                    0.025990011170506477,
                    0.5825785398483276
                ],
                [
                    0.8975110054016113,
                    0.003383208066225052,
                    0.44097900390625,
                    8.951233863830566
                ],
                [
                    0.0,
                    0.0,
                    0.0,
                    1.0
                ]
            ],
            "corner_pixels": [
                [
                    1180.1185256874974,
                    862.69334879175,
                    859.3606127890146,
                    1178.407035435175
                ],
                [
                    569.8149313397683,
                    568.0609354521813,
                    885.067918328941,
                    888.6762040123922
                ]
            ],
            "tag_pose": [
                [
                    -0.9995378255844116,
                    -0.009001840837299824,
                    -0.029044128954410553,
                    0.03122270479798317
                ],
                [
                    -0.00824008509516716,
                    0.9996216297149658,
                    -0.02624148316681385,
                    0.004625831730663776
                ],
                [
                    0.0292693879455328,
                    -0.025990016758441925,
                    -0.9992337822914124,
                    0.7685227394104004
                ],
                [
                    0.0,
                    0.0,
                    0.0,
                    1.0
                ]
            ]
        },
        "34": {
            "camera_pose": [
                [
                    -0.48795709013938904,
                    0.027265435084700584,
                    0.8724415898323059,
                    4.347479820251465
                ],
                [
                    0.011623439379036427,
                    -0.9992204308509827,
                    0.037728503346443176,
                    0.630946695804596
                ],
                [
                    0.8727900981903076,
                    0.028550665825605392,
                    0.48725980520248413,
                    8.68389892578125
                ],
                [
                    0.0,
                    0.0,
                    0.0,
                    1.0
                ]
            ],
            "corner_pixels": [
                [
                    1180.1185256874974,
                    862.69334879175,
                    859.3606127890146,
                    1178.407035435175
                ],
                [
                    569.8149313397683,
                    568.0609354521813,
                    885.067918328941,
                    888.6762040123922
                ]
            ],
            "tag_pose": [
                [
                    -0.9995547533035278,
                    0.011623303405940533,
                    -0.027483848854899406,
                    0.033756133168935776
                ],
                [
                    0.012647703289985657,
                    0.9992203712463379,
                    -0.03739747405052185,
                    0.042991671711206436
                ],
                [
                    0.027027714997529984,
                    -0.03772842884063721,
                    -0.9989225268363953,
                    0.7720999717712402
                ],
                [
                    0.0,
                    0.0,
                    0.0,
                    1.0
                ]
            ]
        }
    },
    "309": {
        "3": {
            "camera_pose": [
                [
                    -0.8404070734977722,
                    -0.07823338359594345,
                    -0.5362792015075684,
                    9.829140663146973
                ],
                [
                    0.012798579409718513,
                    -0.9921151399612427,
                    0.12467479705810547,
                    -0.20057879388332367
                ],
                [
                    -0.5418043732643127,
                    0.0979139655828476,
                    0.83478182554245,
                    13.122578620910645
                ],
                [
                    0.0,
                    0.0,
                    0.0,
                    0.9999999403953552
                ]
            ],
            "corner_pixels": [
                [
                    1066.0888958002836,
                    755.076434546116,
                    754.2143465989558,
                    1072.9157006554212
                ],
                [
                    765.0650885772332,
                    768.243115466414,
                    1086.4814940434755,
                    1081.4543555080481
                ]
            ],
            "tag_pose": [
                [
