{
  "location_data": [],
  "map_id": "desnat_straight_once",
  "odom_estimates": [
    [
      {
        "id": 0,
        "pose": [
          -0.03652862086388009,
          0.9993326072223296,
          6.311501921096863e-08,
          0.0,
          -0.5463980492723011,
          -0.01997254956337513,
          0.8372874470666347,
          0.0,
          0.8367286487321962,
          0.030584921222059802,
          0.5467629568511692,
          0.0,
          0.0,
          0.0,
          0.0,
          1.0
        ]
      }
    ],
    [
      {
        "id": 1,
        "pose": [
          -0.017475654540390018,
          0.9982927848144794,
          -0.05573255140164113,
          -6.348338817805569e-16,
          -0.5705539619075741,
          0.03581771493829122,
          0.8204786821412058,
          -1.459345945056048e-17,
          0.821074161114546,
          0.04613683001627805,
          0.5689539655069589,
          8.674347432086888e-17,
          0.0,
          0.0,
          0.0,
          1.0
        ]
      }
    ],
    [
      {
        "id": 2,
        "pose": [
          -0.08194153636532453,
          0.9942748385487964,
          -0.0685793704174597,
          -8.35704880937166e-16,
          -0.5911693512464552,
          0.006908716085990196,
          0.8065178657592704,
          -1.921104181541246e-17,
          0.8023742161640885,
          0.10662933494497712,
          0.587218700455168,
          1.1419043345196663e-16,
          0.0,
          0.0,
          0.0,
          1.0
        ]
      }
    ],
    [
      {
        "id": 3,
        "pose": [
          -0.1810572580806647,
          0.9779967085677245,
          -0.10363738382943372,
          -1.036567422005751e-15,
          -0.5793578595899941,
          -0.020912842440839352,
          0.8148049604367573,
          -2.3828419288743494e-17,
          0.7947092171527979,
          0.20756948487613108,
          0.5703965016728674,
          1.416362602019099e-16,
          0.0,
          0.0,
          0.0,
          1.0
        ]
      }
    ],
    [
      {
        "id": 4,
        "pose": [
          -0.3378058127022629,
          0.9193748105503157,
          -0.20158668267059382,
          -1.3366269039222905e-15,
          -0.5879198629209945,
          -0.03885645962028078,
          0.8079854022992843,
          -3.0726091660093443e-17,
          0.7350084813711488,
          0.39145898031766824,
          0.5536446505125185,
          1.8263638493574413e-16,
          0.0,
          0.0,
          0.0,
          1.0
        ]
      }
    ],
    [
      {
        "id": 5,
        "pose": [
          -0.442327158962715,
          0.8448033303028787,
          -0.30108805614494005,
          -1.6366950199238521e-15,
          -0.6358421967687687,
          -0.058636568153780044,
          0.7695884963299632,
          -3.7623937519850614e-17,
          0.6324961543379055,
          0.5318543841920574,
          0.5630981519801391,
          2.236377451731827e-16,
          0.0,
          0.0,
          0.0,
          1.0
        ]
      }
    ],
    [
      {
        "id": 6,
        "pose": [
          -0.4568474069425353,
          0.8193287884324449,
          -0.3463968579760842,
          -1.884674701646856e-15,
          -0.686172111229876,
          -0.07677073942113372,
          0.723376863978291,
          -4.33243699940555e-17,
          0.5660903466234133,
          0.5681607079115506,
          0.5972730777837132,
          2.5752178898120445e-16,
          0.0,
          0.0,
          0.0,
          1.0
        ]
      }
    ],
    [
      {
        "id": 7,
        "pose": [
          -0.46654531299860913,
          0.7907321250809947,
          -0.39633089367840646,
          -2.13266077190557e-15,
          -0.7198649643768193,
          -0.07909457606213988,
          0.6895929822005957,
          -4.90249202053476e-17,
          0.5139357002405949,
          0.6070310983816603,
          0.6061215567984402,
          2.914067706766302e-16,
          0.0,
          0.0,
          0.0,
          1.0
        ]
      }
    ],
    [
      {
        "id": 8,
        "pose": [
          -0.44758905597365545,
          0.7477404945723518,
          -0.49045712325269236,
          -2.4327240056701278e-15,
          -0.7890478633026068,
          -0.0721522227869566,
          0.6100799342418107,
          -5.59225481307947e-17,
          0.4207939001342614,
          0.660059246979842,
          0.6222975848307635,
          3.3240769959228575e-16,
          0.0,
          0.0,
          0.0,
          1.0
        ]
      }
    ],
    [
      {
        "id": 9,
        "pose": [
          -0.4278911138358469,
          0.6896801212792788,
          -0.5841665216464547,
          -2.6807114846403416e-15,
          -0.8484817605037335,
          -0.08381283209944168,
          0.5225457982492596,
          -6.162306018695623e-17,
          0.31142879891365777,
          0.7192473423570436,
          0.6210437695682377,
          3.662930311204368e-16,
          0.0,
          0.0,
          0.0,
          1.0
        ]
      }
    ],
    [
      {
        "id": 10,
        "pose": [
          -0.3920692957604815,
          0.5733667872292196,
          -0.7193971049596479,
          -2.9287005546041775e-15,
          -0.8995859394266925,
          -0.07538573898968504,
          0.4301884795560824,
          -6.732356739714592e-17,
          0.1924235040416707,
          0.8158232147097935,
          0.5453491335217313,
          4.001786724340735e-16,
          0.0,
          0.0,
          0.0,
          1.0
        ]
      }
    ],
    [
      {
        "id": 11,
        "pose": [
          -0.32161406029518763,
          0.4563260058811828,
          -0.8296571415813705,
          -3.1295696092247195e-15,
          -0.9423002623922921,
          -0.06825933368334064,
          0.327735989571673,
          -7.194089349588875e-17,
          0.09292261143478908,
          0.8871906445187716,
          0.45194927653720846,
          4.2762583779431214e-16,
          0.0,
          0.0,
          0.0,
          1.0
        ]
      }
    ],
    [
      {
        "id": 12,
        "pose": [
          -0.3102543468980855,
          0.3858682813615482,
          -0.8688198372907514,
          -0.019723544089461385,
          -0.9496424541397039,
          -0.08365714523835599,
          0.30196140704747215,
          0.026689505891333298,
          0.04383434186072571,
          0.9187530416219878,
          0.3923918946461348,
          -0.01639038456520167,
          0.0,
          0.0,
          0.0,
          1.0
        ]
      }
    ],
    [
      {
        "id": 13,
        "pose": [
          -0.2442934496139632,
          0.31468149390689343,
          -0.9172220384771814,
          -0.04430654403123091,
          -0.9692975271750559,
          -0.05194857340390707,
          0.24034069470986613,
          0.05747934122823101,
          0.02798239246440809,
          0.9477747111596855,
          0.31771069009106884,
          -0.038524902618223715,
          0.0,
          0.0,
          0.0,
          1.0
        ]
      }
    ],
    [
      {
        "id": 14,
        "pose": [
          -0.19537563018127152,
          0.2920500428143024,
          -0.9362345516073607,
          -0.060665167857309195,
          -0.980261290561496,
          -0.028690175266301632,
          0.19561358866372114,
          0.07567911951408776,
          0.030268223568316655,
          0.9559726179840893,
          0.291890712950353,
          -0.04040298003573847,
          0.0,
          0.0,
          0.0,
          1.0
        ]
      }
    ],
    [
      {
        "id": 15,
        "pose": [
          -0.15972497866615765,
          0.30009963433563674,
          -0.9404403971872501,
          -0.06798257013185337,
          -0.984765318222284,
          0.017899446806387442,
          0.1729649612799924,
          0.08920699675662996,
          0.06874008449703423,
          0.9537399117556331,
          0.29266872314563813,
          -0.030903546660175814,
          0.0,
          0.0,
          0.0,
          1.0
        ]
      }
    ],
    [
      {
        "id": 16,
        "pose": [
          -0.1387337942799729,
          0.3036602937471169,
          -0.9426257795785651,
          -0.0695940666481246,
          -0.9888466116242245,
          0.00959671126684547,
          0.14862799807624288,
          0.10134280265841582,
          0.05417852899417841,
          0.9527320342752605,
          0.29894206438999427,
          -0.01702219767900169,
          0.0,
          0.0,
          0.0,
          1.0
        ]
      }
    ],
    [
      {
        "id": 17,
        "pose": [
          -0.1445931984084839,
          0.30543257442731897,
          -0.9411714771776211,
          -0.06729948136462757,
          -0.98800881314005,
          0.007479697842886102,
          0.1542162095169285,
          0.10357279205274425,
          0.0541423321588097,
          0.9521843291080144,
          0.3006885619200134,
          -0.007444516723668619,
          0.0,
          0.0,
          0.0,
          1.0
        ]
      }
    ],
    [
      {
        "id": 18,
        "pose": [
          -0.150920104524829,
          0.3181910256357728,
          -0.9359367463963951,
          -0.06486387736326084,
          -0.9873422343009428,
          -0.0018099212569861467,
          0.15859393604632566,
          0.10575442556098626,
          0.04876919535769719,
          0.948024891756487,
          0.31443659169101845,
          0.00033348924178772273,
          0.0,
          0.0,
          0.0,
          1.0
        ]
      }
    ],
    [
      {
        "id": 19,
        "pose": [
          -0.15553146005417223,
          0.33454848627153894,
          -0.9294553648598942,
          -0.06282868193179351,
          -0.9869583315349624,
          -0.013087586994449174,
          0.160443033131345,
          0.10709758540464075,
          0.04151164592184442,
          0.942287655336779,
          0.332220947341938,
          0.007902040363712028,
          0.0,
          0.0,
          0.0,
          1.0
        ]
      }
    ],
    [
      {
        "id": 20,
        "pose": [
          -0.14537079090913718,
          0.3231909380665206,
          -0.9351015723984932,
          -0.06321671321958973,
          -0.9881209727585809,
          0.0001873583190307171,
          0.15367793625467602,
          0.1069318140799503,
          0.0498425154370033,
          0.9463337584851037,
          0.3193245076820277,
          0.006429315272533952,
          0.0,
          0.0,
          0.0,
          1.0
        ]
      }
    ],
    [
      {
        "id": 21,
        "pose": [
          -0.14093250149013026,
          0.32273877780690996,
          -0.935936809471364,
          -0.06755930057023113,
          -0.9888572158974516,
          -9.907385142515768e-05,
          0.1488670438744349,
          0.10691145841524062,
          0.04795244093135781,
          0.9464880725524618,
          0.3191565320100009,
          -0.0010083152494687292,
          0.0,
          0.0,
          0.0,
          1.0
        ]
      }
    ],
    [
      {
        "id": 22,
        "pose": [
          -0.1390926642862551,
          0.32573740021779585,
          -0.9351729128033506,
          -0.07244485559131723,
          -0.9890220418698031,
          0.0018782498388328905,
          0.1477561263475347,
          0.10555154185690901,
          0.049886184835451874,
          0.9454584170003961,
          0.3219002179024872,
          -0.010487958889396149,
          0.0,
          0.0,
          0.0,
          1.0
        ]
      }
    ],
    [
      {
        "id": 23,
        "pose": [
          -0.14360897853780297,
          0.31707572688313157,
          -0.9374643698321886,
          -0.07566158415956305,
          -0.9886506006156558,
          -0.003735548536216826,
          0.1501866691135948,
          0.10442776456981016,
          0.04411860362286735,
          0.948392866431769,
          0.3140135661332181,
          -0.016628511210385336,
          0.0,
          0.0,
          0.0,
          1.0
        ]
      }
    ],
    [
      {
        "id": 24,
        "pose": [
          -0.14433726698353927,
          0.3148870218536404,
          -0.9380900366318085,
          -0.07762094081772034,
          -0.9884982520813739,
          -0.0026331243175277685,
          0.15120936574299043,
          0.10465408019533122,
          0.04514375916770241,
          0.9491255080991521,
          0.3116453286730528,
          -0.02192420795807081,
          0.0,
          0.0,
          0.0,
          1.0
        ]
      }
    ],
    [
      {
        "id": 25,
        "pose": [
          -0.1425461955575228,
          0.3115033262545589,
          -0.9394925544486357,
          -0.07959603132320021,
          -0.9885572041357927,
          0.0025178333309903156,
          0.1508254443605,
          0.10560348449108939,
          0.04934811326992561,
          0.9502417262189993,
          0.3075799497188258,
          -0.027184495773449016,
          0.0,
          0.0,
          0.0,
          1.0
        ]
      }
    ],
    [
      {
        "id": 26,
        "pose": [
          -0.145124915509045,
          0.3103732956201845,
          -0.9394717538406134,
          -0.07957789759591744,
          -0.9881037983918215,
          0.003372302658007975,
          0.1537514591099458,
          0.10472437726758674,
          0.05088853016296607,
          0.9506087759644597,
          0.3061916271833776,
          -0.02893692715597397,
          0.0,
          0.0,
          0.0,
          1.0
        ]
      }
    ],
    [
      {
        "id": 27,
        "pose": [
          -0.14574832985265085,
          0.308328970184766,
          -0.9400482277468345,
          -0.07982837575388589,
          -0.9879435176371287,
          0.004777075364429395,
          0.15474102723498667,
          0.10427841184976235,
          0.05220182280284119,
          0.9512677991479392,
          0.30391535663782526,
          -0.031222336663002972,
          0.0,
          0.0,
          0.0,
          1.0
        ]
      }
    ],
    [
      {
        "id": 28,
        "pose": [
          -0.14128685637820126,
          0.30571367879503886,
          -0.9415822698056553,
          -0.07884796473950911,
          -0.9888854117549947,
          0.0008997333328829571,
          0.14867694137990844,
          0.10450787045196136,
          0.04629974765504191,
          0.952123068241461,
          0.3021886766401844,
          -0.03113343327884701,
          0.0,
          0.0,
          0.0,
          1.0
        ]
      }
    ],
    [
      {
        "id": 29,
        "pose": [
          -0.1415063503938493,
          0.3022474584637576,
          -0.942667718048312,
          -0.07684344393806893,
          -0.988937708815177,
          -0.00037778594626047823,
          0.14833093190958752,
          0.10546175055092354,
          0.044476520565361444,
          0.9532294220857733,
          0.2989573681788444,
          -0.030579806670103984,
          0.0,
          0.0,
          0.0,
          1.0
        ]
      }
    ],
    [
      {
        "id": 30,
        "pose": [
          -0.13763258513288523,
          0.30053677673080914,
          -0.9437875382425298,
          -0.07490439669882594,
          -0.9896988361814056,
          -0.0038110486624852724,
          0.143114253550313,
          0.10656934865979846,
          0.039414276230957335,
          0.9537626128866385,
          0.2979654226396779,
          -0.025568911504859605,
          0.0,
          0.0,
          0.0,
          1.0
        ]
      }
    ],
    [
      {
        "id": 31,
        "pose": [
          -0.13427135261095385,
          0.29797017609791604,
          -0.945084640666751,
          -0.07431072215589768,
          -0.9902501137788771,
          -0.00464619415062878,
          0.1392232920198191,
          0.10756621973089223,
          0.03709334211076215,
          0.9545638726853702,
          0.2956888515567714,
          -0.023915269732732027,
          0.0,
          0.0,
          0.0,
          1.0
        ]
      }
    ],
    [
      {
        "id": 32,
        "pose": [
          -0.1323189678954605,
          0.30028961215491806,
          -0.9446257669399714,
          -0.07181086921207815,
          -0.9905412318984665,
          -0.005131194603615552,
          0.13711943243394825,
          0.10760183843274883,
          0.03632848254673421,
          0.9538342726458244,
          0.2981281967242665,
          -0.01892796044689252,
          0.0,
          0.0,
          0.0,
          1.0
        ]
      }
    ],
    [
      {
        "id": 33,
        "pose": [
          -0.12898958483274942,
          0.38370760706869156,
          -0.91440153066489,
          -0.04949782379649608,
          -0.9908906909750412,
          -0.013891524430448554,
          0.13395022989156735,
          0.10715392303007125,
          0.038695290975523544,
          0.9233501490911327,
          0.3820041578696529,
          0.036112147767437,
          0.0,
          0.0,
          0.0,
          1.0
        ]
      }
    ],
    [
      {
        "id": 34,
        "pose": [
          -0.12318749355576503,
          0.3820435497193357,
          -0.9158971380833648,
          -0.0497731886453272,
          -0.9915946044740815,
          -0.01059543744635133,
          0.12894912594977376,
          0.10704099708643058,
          0.039559850977202715,
          0.9240835799986766,
          0.3801375479579616,
          0.03453761830610417,
          0.0,
          0.0,
          0.0,
          1.0
        ]
      }
    ],
    [
      {
        "id": 35,
        "pose": [
          -0.12244990769707154,
          0.3899880625164898,
          -0.9126419512599743,
          -0.048276349877715674,
          -0.9915902480673744,
          -0.009260377128515351,
          0.12908534135648736,
          0.10661474314212538,
          0.041890333522924705,
          0.9207733469807171,
          0.3878422919786676,
          0.035514759500313076,
          0.0,
          0.0,
          0.0,
          1.0
        ]
      }
    ],
    [
      {
        "id": 36,
        "pose": [
          -0.12120505367476908,
          0.39222240752483023,
          -0.9118502716998675,
          -0.046508482564570255,
          -0.9917030210959186,
          -0.008210507232430664,
          0.1282875891121748,
          0.10658665254715032,
          0.042830513806447756,
          0.9198337733560407,
          0.3899633014536926,
          0.03499151533588063,
          0.0,
          0.0,
          0.0,
          1.0
        ]
      }
    ],
    [
      {
        "id": 37,
        "pose": [
          -0.11933139411537635,
          0.39466090745390625,
          -0.9110448872070684,
          -0.04542914130300655,
          -0.9918696315130804,
          -0.006526858362672361,
          0.127090653480182,
          0.10631351477492841,
          0.04421145169056123,
          0.9188036614247751,
          0.39223102795653514,
          0.033912665017971244,
          0.0,
          0.0,
          0.0,
          1.0
        ]
      }
    ],
    [
      {
        "id": 38,
        "pose": [
          -0.1162914454784248,
          0.3984261727484261,
          -0.9097982658686374,
          -0.045179719659505055,
          -0.9921814267175189,
          -0.004820349490682718,
          0.12471078825657589,
          0.10631659223115697,
          0.04530249645800294,
          0.9171877392877803,
          0.39587161392911674,
          0.032585466538466196,
          0.0,
          0.0,
          0.0,
          1.0
        ]
      }
    ],
    [
      {
        "id": 39,
        "pose": [
          -0.10846845475017425,
          0.3980902652709921,
          -0.910910936931038,
          -0.04669344766185193,
          -0.993185199464226,
          -0.004097376811293352,
          0.11647476580132171,
          0.106921833495701,
          0.04263512506509004,
          0.9173370984538554,
          0.3958217956491869,
          0.030512443479175252,
          0.0,
          0.0,
          0.0,
          1.0
        ]
      }
    ],
    [
      {
        "id": 40,
        "pose": [
          -0.11049513394380889,
          0.39101733943919953,
          -0.913726581441423,
          -0.04967768071698777,
          -0.9929381917146547,
          -0.0034876324202446907,
          0.11858154938493964,
          0.10726244915046562,
          0.0431806994984027,
          0.9203767036806132,
          0.38864141636325583,
          0.02804780153342124,
          0.0,
          0.0,
          0.0,
          1.0
        ]
      }
    ],
    [
      {
        "id": 41,
        "pose": [
          -0.11185938673658963,
          0.3779087441684809,
          -0.9190606392833479,
          -0.054381690228232644,
          -0.9928701600236285,
          -0.0041705908942977765,
          0.11912787879521347,
          0.10823256883417552,
          0.04118644113745151,
          0.9258334554619392,
          0.37568083503665345,
          0.025623154354055766,
          0.0,
          0.0,
          0.0,
          1.0
        ]
      }
    ],
    [
      {
        "id": 42,
        "pose": [
          -0.13123718732394846,
          0.33738865597924134,
          -0.9321725674357834,
          -0.05704703595981822,
          -0.9906688294370469,
          -0.00975633981902363,
          0.1359414734919659,
          0.1053138551082609,
          0.03677051869541681,
          0.9413148828366928,
          0.3355208194807189,
          0.027116639278209436,
          0.0,
          0.0,
          0.0,
          1.0
        ]
      }
    ],
    [
      {
        "id": 43,
        "pose": [
          -0.19034786095839978,
          0.2343579570874194,
          -0.9533331210958595,
          -0.04932065011931781,
          -0.980998803180176,
          -0.008276333626993149,
          0.19383717512581783,
          0.09076399866554874,
          0.037537181402231,
          0.9721151424864782,
          0.23148025782098575,
          0.04228348773130708,
          0.0,
          0.0,
          0.0,
          1.0
        ]
      }
    ],
    [
      {
        "id": 44,
        "pose": [
          -0.26057026932946703,
          0.06595005834219214,
          -0.9631997324263699,
          -0.03268486453942873,
          -0.9652689305739137,
          0.001784048269918459,
          0.2612521939438285,
          0.06689338049855031,
          0.018947992248842416,
          0.9978213301871394,
          0.06319467234906564,
          0.08731144335310055,
          0.0,
          0.0,
          0.0,
          1.0
        ]
      }
    ],
    [
      {
        "id": 45,
        "pose": [
          -0.3401130825124127,
          -0.11431025449270288,
          -0.9334110867253069,
          -0.010233843843114461,
          -0.9395894334056731,
          0.0004995391912151759,
          0.34230315086630864,
          0.03771823132930101,
          -0.0386624848698478,
          0.9934449739056563,
          -0.10757460706541697,
          0.18246331049510772,
          0.0,
          0.0,
          0.0,
          1.0
        ]
      }
    ],
    [
      {
        "id": 46,
        "pose": [
          -0.38552885703342543,
          -0.24827170347115513,
          -0.8886667888753534,
          0.005830866547146807,
          -0.9122988430376905,
          -0.04160948706696076,
          0.40740578245542414,
          0.008740661094994365,
          -0.13812429687275346,
          0.9677963689958523,
          -0.2104563298450588,
          0.291673253336141,
          0.0,
          0.0,
          0.0,
          1.0
        ]
      }
    ],
    [
      {
        "id": 47,
        "pose": [
          -0.39399716240606486,
          -0.4093321249910977,
          -0.8229297949802533,
          0.012630489585777682,
          -0.8869353759911693,
          -0.06550648536279957,
          0.4572248234630496,
          -0.023652880322127364,
          -0.24106404715629515,
          0.9100308301512021,
          -0.33724177283210616,
          0.4332559382638064,
          0.0,
          0.0,
          0.0,
          1.0
        ]
      }
    ],
    [
      {
        "id": 48,
        "pose": [
          -0.37740805451970383,
          -0.5909322895957134,
          -0.7129952240350704,
          -0.002175762905384938,
          -0.8559194936678658,
          -0.07131506179289376,
          0.5121679239476249,
          -0.04622038493953966,
          -0.35350386241595244,
          0.8035628109081727,
          -0.4788755873735472,
          0.5753366063602326,
          0.0,
          0.0,
          0.0,
          1.0
        ]
      }
    ],
    [
      {
        "id": 49,
        "pose": [
          -0.3232211878037554,
          -0.737156980460803,
          -0.5934034461583797,
          -0.031760993170041,
          -0.8266696083165356,
          -0.08525799456962281,
          0.556191004105381,
          -0.06449122150584614,
          -0.4605924689359513,
          0.6703213114021347,
          -0.5818280820307724,
          0.6929296306933858,
          0.0,
          0.0,
          0.0,
          1.0
        ]
      }
    ],
    [
      {
        "id": 50,
        "pose": [
          -0.24338209081976495,
          -0.8562398382703176,
          -0.45565172799740405,
          -0.06860889862836762,
          -0.7901455331489149,
          -0.09742566643776132,
          0.6051266610916887,
          -0.08917380130366837,
          -0.5625257276898693,
          0.5073081695360117,
          -0.6528424211163093,
          0.8035430335598245,
          0.0,
          0.0,
          0.0,
          1.0
        ]
      }
    ],
    [
      {
        "id": 51,
        "pose": [
          -0.1746212226531171,
          -0.9242316738838885,
          -0.33956331013364244,
          -0.09662184413152823,
          -0.769538823179984,
          -0.08703853424746413,
          0.6326407299366824,
          -0.1075075738826689,
          -0.6142616935947542,
          0.3717796478370471,
          -0.6960333793980469,
          0.8951074352265489,
          0.0,
          0.0,
          0.0,
          1.0
        ]
      }
    ],
    [
      {
        "id": 52,
        "pose": [
          -0.11533039320031288,
          -0.9683035659489865,
          -0.2215560980310369,
          -0.11310250278012511,
          -0.765116846657439,
          -0.05564691296640573,
          0.6414823707930615,
          -0.12074522960681483,
          -0.6334785800366408,
          0.24349871713786597,
          -0.7344475906332425,
          1.008115141327953,
          0.0,
          0.0,
          0.0,
          1.0
        ]
      }
    ],
    [
      {
        "id": 53,
        "pose": [
          -0.07272463412991036,
          -0.989131449317398,
          -0.12778929361231592,
          -0.12005401344606687,
          -0.7807936005567083,
          -0.023255851310106754,
          0.6243560832646174,
          -0.12087055758576654,
          -0.6205420863409365,
          0.14518313039436168,
          -0.7706162324584993,
          1.1130199073946563,
          0.0,
          0.0,
          0.0,
          1.0
        ]
      }
    ],
    [
      {
        "id": 54,
        "pose": [
          -0.017263862386041245,
          -0.9997796785383666,
          -0.011939574416044207,
          -0.139223446502975,
          -0.7941618219715778,
          0.0064563772692596555,
          0.6076720461855565,
          -0.10193299753029542,
          -0.6074610765952828,
          0.019972720753002438,
          -0.7940983130868764,
          1.2127663577100862,
          0.0,
          0.0,
          0.0,
          1.0
        ]
      }
    ],
    [
      {
        "id": 55,
        "pose": [
          0.06555223967374751,
          -0.9941846443428298,
          0.0854388484629599,
          -0.1783081064518906,
          -0.7888440937151419,
          0.000804283925877225,
          0.6145928318310451,
          -0.08782150797825708,
          -0.6110874730220643,
          -0.10768586759778476,
          -0.7842039621394553,
          1.3079568569424875,
          0.0,
          0.0,
          0.0,
          1.0
        ]
      }
    ],
    [
      {
        "id": 56,
        "pose": [
          0.12550221583273607,
          -0.9839515865665339,
          0.1268403292106819,
          -0.2084689530739885,
          -0.8066233713675718,
          -0.02676856183892655,
          0.5904592965316813,
          -0.08529182828032524,
          -0.5775880284291613,
          -0.17641632404705748,
          -0.7970378598442096,
          1.4006666761293594,
          0.0,
          0.0,
          0.0,
          1.0
        ]
      }
    ],
    [
      {
        "id": 57,
        "pose": [
          0.15724971165994406,
          -0.9761851244802257,
          0.14944942598214042,
          -0.2318504618663325,
          -0.8227114634645568,
          -0.04578148435098871,
          0.5666126574430081,
          -0.09204869920935116,
          -0.5462768309812087,
          -0.21205343296949236,
          -0.810317817587014,
          1.507800755749622,
          0.0,
          0.0,
          0.0,
          1.0
        ]
      }
    ],
    [
      {
        "id": 58,
        "pose": [
          0.1449657227264454,
          -0.9826600701040674,
          0.1156033124848442,
          -0.24401296210609497,
          -0.8607452882177583,
          -0.06762658877850067,
          0.5045237291754587,
          -0.08538762648863904,
          -0.4879574654058767,
          -0.17264365355625666,
          -0.8556235625796075,
          1.6114416754762273,
          0.0,
          0.0,
          0.0,
          1.0
        ]
      }
    ],
    [
      {
        "id": 59,
        "pose": [
          0.09913303899318018,
          -0.9932054978694318,
          0.06095473387613776,
          -0.2374098958757674,
          -0.8661155066075579,
          -0.055964636536921374,
          0.49670100530522776,
          -0.057189894169656794,
          -0.4899148597398432,
          -0.10203332033813484,
          -0.8657786274486483,
          1.733937985347519,
          0.0,
          0.0,
          0.0,
          1.0
        ]
      }
    ],
    [
      {
        "id": 60,
        "pose": [
          0.0539484760749311,
          -0.9982525315055959,
          0.02411317631217033,
          -0.2215811722207939,
          -0.871622797788205,
          -0.0352953507069033,
          0.48890483388317896,
          -0.03828781449139881,
          -0.4871994050746108,
          -0.04739326493443896,
          -0.8720037947932333,
          1.8323846966696598,
          0.0,
          0.0,
          0.0,
          1.0
        ]
      }
    ],
    [
      {
        "id": 61,
        "pose": [
          0.008025477144170071,
          -0.9998332880631842,
          -0.016400847458920953,
          -0.19874388074457983,
          -0.8713955620835339,
          -0.015038036256776851,
          0.4903505193702383,
          -0.04029147004659216,
          -0.4905154086241644,
          0.010356328804274978,
          -0.8713709774579179,
          1.928024791004598,
          0.0,
          0.0,
          0.0,
          1.0
        ]
      }
    ],
    [
      {
        "id": 62,
        "pose": [
          -0.02681581227761084,
          -0.9990962218873012,
          -0.03297956370864752,
          -0.1610446471793476,
          -0.8688104436429718,
          0.006976122629277971,
          0.4950956945177003,
          -0.05706179217320432,
          -0.49441816838461217,
          0.04192938258050169,
          -0.8682123021747754,
          2.0480152147713446,
          0.0,
          0.0,
          0.0,
          1.0
        ]
      }
    ],
    [
      {
        "id": 63,
        "pose": [
          -0.030588920745284676,
          -0.9989541000854052,
          -0.033985641824106544,
          -0.1181281100476186,
          -0.8671674364452369,
          0.009613507177082158,
          0.4979239074886362,
          -0.0654148661357588,
          -0.4970764077047254,
          0.04470219683990889,
          -0.8665545329066436,
          2.1812417731441105,
          0.0,
          0.0,
          0.0,
          1.0
        ]
      }
    ],
    [
      {
        "id": 64,
        "pose": [
          -0.029355262583236848,
          -0.9995660200844684,
          0.0024576515548827005,
          -0.07800081286275336,
          -0.8583132518201609,
          0.026466903413684392,
          0.5124430356377103,
          -0.05258283340323728,
          -0.5122856920787171,
          0.012933464972183784,
          -0.8587177040071103,
          2.3217838427611985,
          0.0,
          0.0,
          0.0,
          1.0
        ]
      }
    ],
    [
      {
        "id": 65,
        "pose": [
          -0.0020437591263006913,
          -0.9997478873258203,
          0.02236034069939702,
          -0.05986562459420755,
          -0.8511784655771948,
          0.013475547293945879,
          0.5247033727381418,
          -0.04235930873869185,
          -0.524872406196293,
          -0.0179602731796617,
          -0.8509914134707977,
          2.4468991942357365,
          0.0,
          0.0,
          0.0,
          1.0
        ]
      }
    ],
    [
      {
        "id": 66,
        "pose": [
          0.020701210341493265,
          -0.9990877171863963,
          0.037352285842675415,
          -0.050218571304269134,
          -0.8578150380365286,
          0.0014409551307847518,
          0.5139565002669977,
          -0.04548276825847188,
          -0.5135414495527957,
          -0.04268087411929078,
          -0.8570026386048218,
          2.5724027142083186,
          0.0,
          0.0,
          0.0,
          1.0
        ]
      }
    ],
    [
      {
        "id": 67,
        "pose": [
          0.06068649273726482,
          -0.9975407257482605,
          0.03506636669066676,
          -0.048138250846767115,
          -0.8651872010770718,
          -0.03505038872543595,
          0.5002225278239867,
          -0.05802287924685299,
          -0.4977632536574724,
          -0.06069572245084684,
          -0.8651865536313526,
          2.7130414928158006,
          0.0,
          0.0,
          0.0,
          1.0
        ]
      }
    ],
    [
      {
        "id": 68,
        "pose": [
          0.0735042831466955,
          -0.9972009684752927,
          0.013687542914250533,
          -0.04469007642995817,
          -0.8849212983390145,
          -0.05888664704888118,
          0.4620028772046061,
          -0.05245027338690072,
          -0.4599037030782468,
          -0.04607158854738491,
          -0.8867727965063188,
          2.8704419759521667,
          0.0,
          0.0,
          0.0,
          1.0
        ]
      }
    ],
    [
      {
        "id": 69,
        "pose": [
          0.06432698299589946,
          -0.9979279227145179,
          0.001378522880791544,
          -0.02870093064934561,
          -0.8803533218830879,
          -0.05609744160431461,
          0.4709894963742429,
          -0.024479438705057685,
          -0.4699362381302997,
          -0.03151092052190982,
          -0.8821377409338094,
          3.0283646844895045,
          0.0,
          0.0,
          0.0,
          1.0
        ]
      }
    ],
    [
      {
        "id": 70,
        "pose": [
          0.0128783354390738,
          -0.9999165424271674,
          -0.001027938139012835,
          -0.008432743041137137,
          -0.8942236298541972,
          -0.011977072867278778,
          0.44746022117716333,
          -0.02736524043001841,
          -0.4474351889231587,
          -0.0048433362500280575,
          -0.8943032448824431,
          3.1764865219792897,
          0.0,
          0.0,
          0.0,
          1.0
        ]
      }
    ],
    [
      {
        "id": 71,
        "pose": [
          0.04225309834393714,
          -0.99692979616845,
          0.06592159882671267,
          0.005255726934673134,
          -0.889442443258011,
          -0.007479415005538455,
          0.4569859937485991,
          -0.04833170772182486,
          -0.4550898986041739,
          -0.07794254205956713,
          -0.8870277021185613,
          3.3494100060276297,
          0.0,
          0.0,
          0.0,
          1.0
        ]
      }
    ],
    [
      {
        "id": 72,
        "pose": [
          0.09264310540792174,
          -0.9731385893404366,
          0.21075706620866144,
          -0.001657457088769244,
          -0.8747983396968421,
          0.02154274659002163,
          0.48400803188894176,
          -0.03653820911763053,
          -0.47554717945123537,
          -0.22920993871528245,
          -0.8493042353068252,
          3.5272716993757633,
          0.0,
          0.0,
          0.0,
          1.0
        ]
      }
    ],
    [
      {
        "id": 73,
        "pose": [
          0.17386721014650341,
          -0.9276247291389669,
          0.33057912082545404,
          -0.04259492359774142,
          -0.8786152217774076,
          0.005485826750722192,
          0.47749889818291547,
          -0.022259113747828876,
          -0.4447532858753366,
          -0.37347324883412947,
          -0.8140714017261457,
          3.6706644912065443,
          0.0,
          0.0,
          0.0,
          1.0
        ]
      }
    ],
    [
      {
        "id": 74,
        "pose": [
          0.21049807249075203,
          -0.8952848988164458,
          0.39262642731851927,
          -0.08738184178743645,
          -0.8886517874214485,
          -0.007857017979428602,
          0.45851528652939794,
          -0.024350260166432103,
          -0.4074169390076252,
          -0.44542476044748275,
          -0.7972504127248601,
          3.7882331653110377,
          0.0,
          0.0,
          0.0,
          1.0
        ]
      }
    ],
    [
      {
        "id": 75,
        "pose": [
          0.21498938525251848,
          -0.8587193620893986,
          0.46516730474262774,
          -0.14579665277448473,
          -0.9197832949443504,
          -0.01792210526273924,
          0.3920172043217819,
          -0.01758547620435509,
          -0.32829598622288786,
          -0.5121326540221076,
          -0.7936887866879648,
          3.902988854492046,
          0.0,
          0.0,
          0.0,
          1.0
        ]
      }
    ],
    [
      {
        "id": 76,
        "pose": [
          0.1958948643425514,
          -0.8266336332444609,
          0.5275433996490487,
          -0.1962647657790024,
          -0.9461809887360474,
          -0.018004749635064626,
          0.32313675981703893,
          0.006404604258452229,
          -0.2576174269700896,
          -0.562452367209563,
          -0.7856720664129978,
          4.000607891177778,
          0.0,
          0.0,
          0.0,
          1.0
        ]
      }
    ],
    [
      {
        "id": 77,
        "pose": [
          0.18598652566925267,
          -0.8043789848012509,
          0.5642547838340313,
          -0.23741031628443843,
          -0.9552345620564563,
          -0.013552698052876067,
          0.29553892438779983,
          0.034881401613071364,
          -0.23007812525811858,
          -0.5939619290708762,
          -0.7708912264983387,
          4.089761235307351,
          0.0,
          0.0,
          0.0,
          1.0
        ]
      }
    ],
    [
      {
        "id": 78,
        "pose": [
          0.1830611998307447,
          -0.7802778739087336,
          0.5980426712242153,
          -0.2749316568533485,
          -0.9599959622336044,
          -0.01076749821750951,
          0.2798067430876392,
          0.053371701761390604,
