{
  "location_data": [],
  "map_id": "duncan-occam-room-10-1-21-2-48 26773176629225",
  "plane_data": [],
  "pose_data": [
    {
      "pose": [
        0.012325078248977661,
        -0.7255793213844299,
        0.6880280375480652,
        0,
        0.9999240040779114,
        0.008943527936935425,
        -0.008480618707835674,
        0,
        -3.442625384764142e-08,
        0.688080370426178,
        0.7256344556808472,
        0,
        0,
        0,
        0,
        1
      ],
      "timestamp": 267421.76629225,
      "planes": [],
      "id": 0
    },
    {
      "timestamp": 267422.26629225,
      "pose": [
        -0.049722641706466675,
        -0.8022938370704651,
        0.5948547124862671,
        0,
        0.9956629872322083,
        -0.08670726418495178,
        -0.03371865674853325,
        0,
        0.07863049954175949,
        0.5905983448028564,
        0.8031256794929504,
        0,
        0,
        0,
        0,
        1
      ],
      "id": 1,
      "planes": []
    },
    {
      "planes": [],
      "pose": [
        -0.01028471626341343,
        -0.7508057355880737,
        0.6604430675506592,
        0,
        0.9908179640769958,
        -0.09669620543718338,
        -0.09449682384729385,
        0,
        0.13481108844280243,
        0.6534069776535034,
        0.7449061870574951,
        0,
        -0.01156691089272499,
        0.015559997409582138,
        -0.024958308786153793,
        1
      ],
      "timestamp": 267422.76629225,
      "id": 2
    },
    {
      "pose": [
        -0.10313208401203156,
        -0.7594044208526611,
        0.6423928141593933,
        0,
        0.9786167144775391,
        -0.19302299618721008,
        -0.07107136398553848,
        0,
        0.17796848714351654,
        0.6213266849517822,
        0.7630727887153625,
        0,
        -0.00847962498664856,
        0.011655783280730247,
        -0.01012483425438404,
        1
      ],
      "id": 3,
      "planes": [],
      "timestamp": 267423.26629225
    },
    {
      "id": 4,
      "pose": [
        -0.07943031191825867,
        -0.44131922721862793,
        0.8938276767730713,
        0,
        0.9961827397346497,
        -0.06770402193069458,
        0.05509789660573006,
        0,
        0.036199960857629776,
        0.8947923183441162,
        0.4450123608112335,
        0,
        -0.01931438222527504,
        -0.010913554579019547,
        -0.07589998096227646,
        1
      ],
      "timestamp": 267423.76629225,
      "planes": []
    },
    {
      "planes": [],
      "id": 5,
      "timestamp": 267424.26629225,
      "pose": [
        -0.9750558733940125,
        -0.20034527778625488,
        0.09553860127925873,
        0,
        -0.1620771437883377,
        0.3485835790634155,
        -0.923157811164856,
        0,
        0.15164713561534882,
        -0.9156152009963989,
        -0.3723598122596741,
        0,
        0.10784220695495605,
        0.010482307523488998,
        -0.13466766476631165,
        1
      ]
    },
    {
      "timestamp": 267424.76629225,
      "planes": [],
      "pose": [
        -0.982452392578125,
        0.1737290322780609,
        0.06786193698644638,
        0,
        0.05122856795787811,
        0.6012025475502014,
        -0.7974527478218079,
        0,
        -0.1793394386768341,
        -0.7799830436706543,
        -0.5995528101921082,
        0,
        0.12870900332927704,
        -0.039999719709157944,
        -0.06616810709238052,
        0.9999998807907104
      ],
      "id": 6
    },
    {
      "pose": [
        -0.9751225709915161,
        0.2139013260602951,
        -0.058156080543994904,
        0,
        0.1726391762495041,
        0.5682844519615173,
        -0.8045175075531006,
        0,
        -0.13903816044330597,
        -0.7945433855056763,
        -0.5910747051239014,
        0,
        0.14611662924289703,
        -0.05846825987100601,
        -0.018535330891609192,
        1
      ],
      "id": 7,
      "timestamp": 267425.26629225,
      "planes": []
    },
    {
      "pose": [
        -0.9630756974220276,
        0.22357474267482758,
        -0.1499982476234436,
        0,
        0.25111210346221924,
        0.5450072884559631,
        -0.7999436259269714,
        0,
        -0.09709705412387848,
        -0.8080727458000183,
        -0.5810256004333496,
        0,
        0.153002068400383,
        -0.055558186024427414,
        -0.012259644456207752,
        1.0000001192092896
      ],
      "id": 8,
      "timestamp": 267425.76629225,
      "planes": []
    },
    {
      "id": 9,
      "timestamp": 267426.26629225,
      "planes": [],
      "pose": [
        -0.961966872215271,
        0.22699330747127533,
        -0.15196645259857178,
        0,
        0.2545676529407501,
        0.5431796312332153,
        -0.800094485282898,
        0,
        -0.09907101839780807,
        -0.8083502054214478,
        -0.580305814743042,
        0,
        0.15079635381698608,
        -0.05582156777381897,
        -0.013309327885508537,
        1
      ]
    },
    {
      "planes": [],
      "pose": [
        -0.9606205821037292,
        0.24564146995544434,
        -0.12987695634365082,
        0,
        0.24406716227531433,
        0.5225242972373962,
        -0.8169451355934143,
        0,
        -0.1328117549419403,
        -0.8164731860160828,
        -0.5619007349014282,
        0,
        0.14423547685146332,
        -0.06477032601833344,
        -0.01767793484032154,
        0.9999998807907104
      ],
      "id": 10,
      "timestamp": 267426.76629225
    },
    {
      "pose": [
        -0.9594079852104187,
        0.2566525936126709,
        -0.11690054088830948,
        0,
        0.23600716888904572,
        0.5037274956703186,
        -0.8309988379478455,
        0,
        -0.15439197421073914,
        -0.8248564004898071,
        -0.5438520312309265,
        0,
        0.1405685395002365,
        -0.0757071003317833,
        -0.018376709893345833,
        1
      ],
      "timestamp": 267427.26629225,
      "planes": [],
      "id": 11
    },
    {
      "timestamp": 267427.76629225,
      "id": 12,
      "planes": [],
      "pose": [
        -0.46539559960365295,
        -0.7518462538719177,
        0.46704816818237305,
        0,
        0.7804595232009888,
        -0.5974811315536499,
        -0.1841168999671936,
        0,
        0.4174800515174866,
        0.278825044631958,
        0.8648506999015808,
        0,
        0.00937686488032341,
        -0.029173268005251884,
        -0.10627877712249756,
        1
      ]
    },
    {
      "pose": [
        -0.0738682895898819,
        -0.7589479088783264,
        0.6469478607177734,
        0,
        0.996864914894104,
        -0.03775034844875336,
        0.069535993039608,
        0,
        -0.028351686894893646,
        0.6500561833381653,
        0.7593570351600647,
        0,
        -0.059150613844394684,
        0.0328204408288002,
        -0.022608332335948944,
        1
      ],
      "id": 13,
      "planes": [],
      "timestamp": 267428.26629225
    },
    {
      "timestamp": 267428.76629225,
      "pose": [
        -0.1351710706949234,
        -0.7796896696090698,
        0.6114022135734558,
        0,
        0.9907495379447937,
        -0.09889181703329086,
        0.0929269790649414,
        0,
        -0.011991539038717747,
        0.6183075904846191,
        0.7858445644378662,
        0,
        -0.036104995757341385,
        0.04024457186460495,
        -0.012261593714356422,
        1
      ],
      "id": 14,
      "planes": []
    },
    {
      "pose": [
        -0.14954687654972076,
        -0.758949339389801,
        0.6337442398071289,
        0,
        0.9689646363258362,
        0.015103678219020367,
        0.24673762917518616,
        0,
        -0.19683320820331573,
        0.6509746313095093,
        0.7331362366676331,
        0,
        -0.014880038797855377,
        0.029398253187537193,
        -0.020945662632584572,
        1
      ],
      "id": 15,
      "timestamp": 267429.26629225,
      "planes": []
    },
    {
      "planes": [],
      "timestamp": 267429.76629225,
      "pose": [
        -0.18492154777050018,
        -0.7476988434791565,
        0.637769877910614,
        0,
        0.9521451592445374,
        0.024392133578658104,
        0.30467116832733154,
        0,
        -0.24335885047912598,
        0.6635898947715759,
        0.7074071168899536,
        0,
        0.005868501961231232,
        0.0222781989723444,
        -0.016107724979519844,
        1
      ],
      "id": 16
    },
    {
      "pose": [
        -0.14901655912399292,
        -0.7628970146179199,
        0.6291121244430542,
        0,
        0.9724481701850891,
        0.0022805912885814905,
        0.23310744762420654,
        0,
        -0.17927174270153046,
        0.646515965461731,
        0.7415380477905273,
        0,
        -0.018723366782069206,
        0.02388477325439453,
        -0.018266960978507996,
        0.9999998807907104
      ],
      "planes": [],
      "id": 17,
      "timestamp": 267430.26629225
    },
    {
      "planes": [],
      "pose": [
        -0.0633634626865387,
        -0.8003291487693787,
        0.5962032675743103,
        0,
        0.9643312096595764,
        0.10474368184804916,
        0.243092879652977,
        0,
        -0.2570028007030487,
        0.5903407335281372,
        0.7651453614234924,
        0,
        -0.00504586286842823,
        0.028289802372455597,
        -0.010911698453128338,
        1.0000001192092896
      ],
      "timestamp": 267430.76629225,
      "id": 18
    },
    {
      "planes": [],
      "timestamp": 267431.26629225,
      "id": 19,
      "pose": [
        -0.10210001468658447,
        -0.7865281105041504,
        0.609055757522583,
        0,
        0.9855320453643799,
        0.0032872359734028578,
        0.16945630311965942,
        0,
        -0.13528425991535187,
        0.6175456047058105,
        0.7748131155967712,
        0,
        0.0755830854177475,
        0.025629529729485512,
        -0.018604394048452377,
        1
      ]
    },
    {
      "pose": [
        -0.2129882127046585,
        -0.7467869520187378,
        0.6300358772277832,
        0,
        0.9721500873565674,
        -0.09744593501091003,
        0.21313893795013428,
        0,
        -0.09777496755123138,
        0.6578856110572815,
        0.7467438578605652,
        0,
        0.391480028629303,
        -0.009716621600091457,
        -0.043994490057229996,
        0.9999998807907104
      ],
      "planes": [],
      "id": 20,
      "timestamp": 267431.76629225
    },
    {
      "timestamp": 267432.26629225,
      "planes": [],
      "id": 21,
      "pose": [
        -0.02317988872528076,
        -0.9928976893424988,
        0.11669106036424637,
        0,
        0.9986094832420349,
        -0.028523148968815804,
        -0.0443299226462841,
        0,
        0.047343477606773376,
        0.11550126224756241,
        0.9921783208847046,
        0,
        0.38463452458381653,
        0.23813167214393616,
        -0.05035286024212837,
        1
      ]
    },
    {
      "planes": [],
      "id": 22,
      "pose": [
        0.017767785117030144,
        -0.9884845614433289,
        0.1502746045589447,
        0,
        0.9998417496681213,
        0.01767374575138092,
        -0.001961414236575365,
        0,
        -0.0007170903263613582,
        0.15028569102287292,
        0.988642156124115,
        0,
        0.3730693757534027,
        0.23555192351341248,
        -0.05641047656536102,
        0.9999998807907104
      ],
      "timestamp": 267432.76629225
    },
    {
      "id": 23,
      "timestamp": 267433.26629225,
      "planes": [],
      "pose": [
        0.02774006314575672,
        -0.9884939193725586,
        0.14869540929794312,
        0,
        0.9995231628417969,
        0.0254109725356102,
        -0.01754087395966053,
        0,
        0.013560552150011063,
        0.14911110699176788,
        0.9887273907661438,
        0,
        0.3888053894042969,
        0.23123998939990997,
        -0.08383867889642715,
        1.0000001192092896
      ]
    },
    {
      "pose": [
        0.01023038662970066,
        -0.9863951206207275,
        0.164072647690773,
        0,
        0.9994502067565918,
        0.004912509582936764,
        -0.03278479725122452,
        0,
        0.03153276443481445,
        0.16431787610054016,
        0.9859031438827515,
        0,
        0.4157257080078125,
        0.2026253193616867,
        -0.1984654664993286,
        1
      ],
      "planes": [],
      "timestamp": 267433.76629225,
      "id": 24
    },
    {
      "timestamp": 267434.26629225,
      "planes": [],
      "id": 25,
      "pose": [
        -0.021158665418624878,
        -0.9848952293395996,
        0.17185349762439728,
        0,
        0.9997187256813049,
        -0.01900293678045273,
        0.01417961809784174,
        0,
        -0.010699719190597534,
        0.17210519313812256,
        0.9850202798843384,
        0,
        0.358180433511734,
        0.19462116062641144,
        -0.4783267676830292,
        1
      ]
    },
    {
      "timestamp": 267434.76629225,
      "pose": [
        -0.015754541382193565,
        -0.9799338579177856,
        0.1986992359161377,
        0,
        0.9995617866516113,
        -0.010455882176756859,
        0.027687912806868553,
        0,
        -0.025054749101400375,
        0.19904842972755432,
        0.9796692132949829,
        0,
        0.38920891284942627,
        0.18498922884464264,
        -0.6381537914276123,
        1
      ],
      "id": 26,
      "planes": []
    },
    {
      "id": 27,
      "timestamp": 267435.26629225,
      "pose": [
        0.011633887887001038,
        -0.9857746958732605,
        0.1676691174507141,
        0,
        0.9944782257080078,
        -0.006082837004214525,
        -0.10476559400558472,
        0,
        0.10429515689611435,
        0.16796214878559113,
        0.9802607297897339,
        0,
        0.46939295530319214,
        0.19029615819454193,
        -0.7881488800048828,
        1.0000001192092896
      ],
      "planes": []
    },
    {
      "id": 28,
      "pose": [
        0.03263820335268974,
        -0.9850775599479675,
        0.16898782551288605,
        0,
        0.9852557182312012,
        0.0032998998649418354,
        -0.1710556596517563,
        0,
        0.16794544458389282,
        0.1720792055130005,
        0.9706609845161438,
        0,
        0.5005990266799927,
        0.18416528403759003,
        -0.8598797917366028,
        1
      ],
      "timestamp": 267435.76629225,
      "planes": []
    },
    {
      "timestamp": 267436.26629225,
      "id": 29,
      "planes": [],
      "pose": [
        0.02608637325465679,
        -0.9866463541984558,
        0.16077427566051483,
        0,
        0.9848111867904663,
        -0.002252465346828103,
        -0.17361320555210114,
        0,
        0.171656996011734,
        0.16286128759384155,
        0.9716016054153442,
        0,
        0.4980962872505188,
        0.18803837895393372,
        -0.885199785232544,
        0.9999998807907104
      ]
    },
    {
      "pose": [
        0.039336543530225754,
        -0.985102653503418,
        0.1674080789089203,
        0,
        0.9873493909835815,
        0.01256545726209879,
        -0.15806077420711517,
        0,
        0.1536024957895279,
        0.1715078353881836,
        0.9731347560882568,
        0,
        0.4737139344215393,
        0.19821105897426605,
        -0.8692788481712341,
        1
      ],
      "planes": [],
      "timestamp": 267436.76629225,
      "id": 30
    },
    {
      "id": 31,
      "pose": [
        0.03696409985423088,
        -0.9702031016349792,
        0.23945662379264832,
        0,
        0.9936280846595764,
        0.01015237532556057,
        -0.1122487261891365,
        0,
        0.10647300630807877,
        0.24208007752895355,
        0.9643963575363159,
        0,
        0.491105854511261,
        0.18577389419078827,
        -0.868943452835083,
        1
      ],
      "timestamp": 267437.26629225,
      "planes": []
    },
    {
      "pose": [
        0.02182573825120926,
        -0.9687871932983398,
        0.24693109095096588,
        0,
        0.9952438473701477,
        -0.0023998983670026064,
        -0.09738313406705856,
        0,
        0.09493613988161087,
        0.2478821724653244,
        0.9641270637512207,
        0,
        0.5118997097015381,
        0.18282417953014374,
        -0.8633238673210144,
        0.9999998807907104
      ],
      "timestamp": 267437.76629225,
      "planes": [],
      "id": 32
    },
    {
      "pose": [
        0.029702574014663696,
        -0.9661332964897156,
        0.2563284933567047,
        0,
        0.9960669875144958,
        0.007193051278591156,
        -0.08830977231264114,
        0,
        0.08347520977258682,
        0.25794342160224915,
        0.9625470638275146,
        0,
        0.5159242153167725,
        0.17942264676094055,
        -0.8655705451965332,
        1
      ],
      "timestamp": 267438.26629225,
      "planes": [],
      "id": 33
    },
    {
      "pose": [
        0.02204316481947899,
        -0.9656417965888977,
        0.2589402198791504,
        0,
        0.9967559576034546,
        0.0011739837937057018,
        -0.08047419786453247,
        0,
        0.07740524411201477,
        0.2598741352558136,
        0.96253502368927,
        0,
        0.5146769285202026,
        0.1766999363899231,
        -0.865082859992981,
        1.0000001192092896
      ],
      "id": 34,
      "planes": [],
      "timestamp": 267438.76629225
    },
    {
      "pose": [
        0.01772909052670002,
        -0.9682763814926147,
        0.24925199151039124,
        0,
        0.9959174990653992,
        -0.00496614770963788,
        -0.09013092517852783,
        0,
        0.0885094702243805,
        0.2498323768377304,
        0.964235246181488,
        0,
        0.514799177646637,
        0.17835016548633575,
        -0.8644391298294067,
        1.0000001192092896
      ],
      "planes": [],
      "id": 35,
      "timestamp": 267439.26629225
    },
    {
      "pose": [
        0.04194480553269386,
        -0.9773147106170654,
        0.20759695768356323,
        0,
        0.991283655166626,
        0.014735538512468338,
        -0.13091687858104706,
        0,
        0.12488795816898346,
        0.21127882599830627,
        0.969414234161377,
        0,
        0.5071842074394226,
        0.18736200034618378,
        -0.837730348110199,
        0.9999998807907104
      ],
      "id": 36,
      "timestamp": 267439.76629225,
      "planes": []
    },
    {
      "timestamp": 267440.26629225,
      "pose": [
        0.031692903488874435,
        -0.9763110876083374,
        0.21403764188289642,
        0,
        0.9947500824928284,
        0.009963625110685825,
        -0.10184620320796967,
        0,
        0.09730099141597748,
        0.21614181995391846,
        0.971501350402832,
        0,
        0.4678976535797119,
        0.1909881830215454,
        -0.7603617906570435,
        1
      ],
      "id": 37,
      "planes": []
    },
    {
      "timestamp": 267440.76629225,
      "planes": [],
      "id": 38,
      "pose": [
        -0.013064556755125523,
        -0.98210209608078,
        0.1878954917192459,
        0,
        0.9998200535774231,
        -0.010247906669974327,
        0.015954170376062393,
        0,
        -0.013743091374635696,
        0.188070148229599,
        0.9820593595504761,
        0,
        0.4025046229362488,
        0.20370516180992126,
        -0.6300637125968933,
        1
      ]
    },
    {
      "pose": [
        0.0006985453073866665,
        -0.982250988483429,
        0.18756994605064392,
        0,
        0.999586820602417,
        -0.004702698439359665,
        -0.02834935113787651,
        0,
        0.028728259727358818,
        0.18751230835914612,
        0.9818418622016907,
        0,
        0.4167220890522003,
        0.21498513221740723,
        -0.6031687259674072,
        1
      ],
      "timestamp": 267441.26629225,
      "id": 39,
      "planes": []
    },
    {
      "id": 40,
      "pose": [
        0.009327711537480354,
        -0.9854521751403809,
        0.16969622671604156,
        0,
        0.9995177984237671,
        0.004163020756095648,
        -0.030765313655138016,
        0,
        0.029611296951770782,
        0.16990140080451965,
        0.985015869140625,
        0,
        0.43129175901412964,
        0.2225637286901474,
        -0.5893086194992065,
        1
      ],
      "timestamp": 267441.76629225,
      "planes": []
    },
    {
      "planes": [],
      "pose": [
        0.01191164180636406,
        -0.9860498309135437,
        0.16602358222007751,
        0,
        0.9990091323852539,
        0.004615315701812506,
        -0.044264234602451324,
        0,
        0.04288049042224884,
        0.16638636589050293,
        0.9851277470588684,
        0,
        0.42643171548843384,
        0.21976663172245026,
        -0.5923566818237305,
        1
      ],
      "timestamp": 267442.26629225,
      "id": 41
    },
    {
      "id": 42,
      "timestamp": 267442.76629225,
      "pose": [
        0.006733481772243977,
        -0.9860376715660095,
        0.16638587415218353,
        0,
        0.9921643137931824,
        -0.014171033166348934,
        -0.12413248419761658,
        0,
        0.12475716322660446,
        0.1659180074930191,
        0.9782159328460693,
        0,
        0.49799835681915283,
        0.2134835124015808,
        -0.6154851913452148,
        0.9999998807907104
      ],
      "planes": []
    },
    {
      "timestamp": 267443.26629225,
      "pose": [
        0.060864824801683426,
        -0.991725504398346,
        0.11303026229143143,
        0,
        0.9224921464920044,
        0.012643931433558464,
        -0.3858082890510559,
        0,
        0.3811867833137512,
        0.12775172293186188,
        0.9156286120414734,
        0,
        0.7097708582878113,
        0.23135332763195038,
        -0.6767699718475342,
        0.9999998807907104
      ],
      "planes": [],
      "id": 43
    },
    {
      "timestamp": 267443.76629225,
      "id": 44,
      "pose": [
        0.06796272844076157,
        -0.9966439008712769,
        0.045629892498254776,
        0,
        0.8140280246734619,
        0.028950681909918785,
        -0.5801034569740295,
        0,
        0.5768355131149292,
        0.07656943798065186,
        0.8132636547088623,
        0,
        0.8954892754554749,
        0.238336443901062,
        -0.6494502425193787,
        1
      ],
      "planes": []
    },
    {
      "id": 45,
      "pose": [
        0.061652857810258865,
        -0.9956720471382141,
        0.06954114139080048,
        0,
        0.7416671514511108,
        -0.0009240242652595043,
        -0.6707671880722046,
        0,
        0.6679285764694214,
        0.0929311215877533,
        0.7384003400802612,
        0,
        1.1104729175567627,
        0.2395179569721222,
        -0.635145366191864,
        0.9999998807907104
      ],
      "planes": [],
      "timestamp": 267444.26629225
    },
    {
      "pose": [
        0.08275455236434937,
        -0.9962170720100403,
        0.026517722755670547,
        0,
        0.614952027797699,
        0.03010830096900463,
        -0.7879893779754639,
        0,
        0.7842100858688354,
        0.08151684701442719,
        0.6151173114776611,
        0,
        1.2264912128448486,
        0.24411225318908691,
        -0.7035201191902161,
        1
      ],
      "planes": [],
      "timestamp": 267444.76629225,
      "id": 46
    },
    {
      "planes": [],
      "timestamp": 267445.26629225,
      "id": 47,
      "pose": [
        0.09336753934621811,
        -0.9949108958244324,
        0.03787868469953537,
        0,
        0.5966905951499939,
        0.025459859520196915,
        -0.8020671606063843,
        0,
        0.7970210313796997,
        0.09748891741037369,
        0.5960310697555542,
        0,
        1.2265074253082275,
        0.23323436081409454,
        -0.7188372015953064,
        1
      ]
    },
    {
      "pose": [
        0.08121594786643982,
        -0.9939134120941162,
        0.07443256676197052,
        0,
        0.7352712750434875,
        0.009328944608569145,
        -0.677708625793457,
        0,
        0.672889232635498,
        0.10976888239383698,
        0.7315536737442017,
        0,
        1.03935968875885,
        0.22014778852462769,
        -0.6706023216247559,
        1.0000001192092896
      ],
      "planes": [],
      "id": 48,
      "timestamp": 267445.76629225
    },
    {
      "id": 49,
      "timestamp": 267446.26629225,
      "planes": [],
      "pose": [
        0.07747408747673035,
        -0.992949366569519,
        0.08971789479255676,
        0,
        0.8659691214561462,
        0.022425759583711624,
        -0.499594122171402,
        0,
        0.4940597414970398,
        0.11639854311943054,
        0.8616008162498474,
        0,
        0.8516828417778015,
        0.22996997833251953,
        -0.5858897566795349,
        0.9999998807907104
      ]
    },
    {
      "timestamp": 267446.76629225,
      "planes": [],
      "id": 50,
      "pose": [
        0.04401284456253052,
        -0.9935359358787537,
        0.10463753342628479,
        0,
        0.9392575025558472,
        0.005466329865157604,
        -0.3431694209575653,
        0,
        0.34037917852401733,
        0.11338546127080917,
        0.9334267377853394,
        0,
        0.8513178825378418,
        0.22329682111740112,
        -0.351899117231369,
        1
      ]
    },
    {
      "pose": [
        -0.004154962953180075,
        -0.9903008937835693,
        0.13887694478034973,
        0,
        0.9702951908111572,
        -0.03758573904633522,
        -0.23898598551750183,
        0,
        0.2418878674507141,
        0.13375867903232574,
        0.9610403180122375,
        0,
        0.9542328715324402,
        0.21343569457530975,
        -0.033253222703933716,
        1
      ],
      "planes": [],
      "timestamp": 267447.26629225,
      "id": 51
    },
    {
      "planes": [],
      "timestamp": 267447.76629225,
      "pose": [
        -0.0014631402445957065,
        -0.9709095358848572,
        0.23944233357906342,
        0,
        0.9941501617431641,
        -0.027271192520856857,
        -0.1045064777135849,
        0,
        0.10799620300531387,
        0.23788875341415405,
        0.9652696847915649,
        0,
        1.1235307455062866,
        0.17234279215335846,
        0.2757565677165985,
        1.0000001192092896
      ],
      "id": 52
    },
    {
      "timestamp": 267448.26629225,
      "planes": [],
      "pose": [
        -0.042480677366256714,
        -0.9820147752761841,
        0.18396291136741638,
        0,
        0.9945228099822998,
        -0.02396339550614357,
        0.1017356589436531,
        0,
        -0.09549754858016968,
        0.18727713823318481,
        0.9776540398597717,
        0,
        1.5329093933105469,
        0.15606443583965302,
        0.47503662109375,
        1
      ],
      "id": 53
    },
    {
      "pose": [
        -0.025444529950618744,
        -0.9914194345474243,
        0.12821917235851288,
        0,
        0.9971882104873657,
        -0.016128191724419594,
        0.07318084686994553,
        0,
        -0.07048496603965759,
        0.12972071766853333,
        0.9890421628952026,
        0,
        1.9705382585525513,
        0.15841110050678253,
        0.4546380639076233,
        1.0000001192092896
      ],
      "timestamp": 267448.76629225,
      "planes": [],
      "id": 54
    },
    {
      "pose": [
        0.011557409539818764,
        -0.9910275936126709,
        0.1331571340560913,
        0,
        0.9986589550971985,
        0.018160555511713028,
        0.04848182201385498,
        0,
        -0.05046502500772476,
        0.13241823017597198,
        0.9899082779884338,
        0,
        2.4186389446258545,
        0.16149814426898956,
        0.2591478228569031,
        0.9999999403953552
      ],
      "id": 55,
      "timestamp": 267449.26629225,
      "planes": []
    },
    {
      "planes": [],
      "pose": [
        0.005156883969902992,
        -0.9967491030693054,
        0.08040281385183334,
        0,
        0.9977256655693054,
        0.010532296262681484,
        0.0665760189294815,
        0,
        -0.06720641255378723,
        0.07987663149833679,
        0.9945363402366638,
        0,
        2.9260425567626953,
        0.1420927345752716,
        0.18086206912994385,
        1
      ],
      "id": 56,
      "timestamp": 267449.76629225
    },
    {
      "timestamp": 267450.26629225,
      "pose": [
        -0.04089158773422241,
        -0.9920124411582947,
        0.11932860314846039,
        0,
        0.9980437159538269,
        -0.03490060940384865,
        0.051871564239263535,
        0,
        -0.047292593866586685,
        0.12121628224849701,
        0.9914988279342651,
        0,
        3.4265661239624023,
        0.11721152812242508,
        0.03507280349731445,
        1.0000001192092896
      ],
      "id": 57,
      "planes": []
    },
    {
      "id": 58,
      "planes": [],
      "timestamp": 267450.76629225,
      "pose": [
        -0.02010261081159115,
        -0.9934237599372864,
        0.11271612346172333,
        0,
        0.9991192817687988,
        -0.024113789200782776,
        -0.03433675318956375,
        0,
        0.03682896867394447,
        0.1119266077876091,
        0.9930335283279419,
        0,
        3.9640910625457764,
        0.13070650398731232,
        -0.21814846992492676,
        1
      ]
    },
    {
      "timestamp": 267451.26629225,
      "id": 59,
      "pose": [
        0.010201510973274708,
        -0.9925029873847961,
        0.1217939704656601,
        0,
        0.9924734830856323,
        -0.004814640618860722,
        -0.12236463278532028,
        0,
        0.12203363329172134,
        0.12212559580802917,
        0.9849838018417358,
        0,
        4.480831623077393,
        0.14196792244911194,
        -0.32378673553466797,
        1.0000001192092896
      ],
      "planes": []
    },
    {
      "id": 60,
      "planes": [],
      "timestamp": 267451.76629225,
      "pose": [
        -0.006360984873026609,
        -0.9930088520050049,
        0.11786789447069168,
        0,
        0.9968488812446594,
        -0.015616639517247677,
        -0.07776940613985062,
        0,
        0.07906641811132431,
        0.11700181663036346,
        0.9899791479110718,
        0,
        4.968481063842773,
        0.11911346763372421,
        -0.4814865291118622,
        1
      ]
    },
    {
      "pose": [
        -0.02631458267569542,
        -0.9896225333213806,
        0.14126116037368774,
        0,
        0.9991722702980042,
        -0.030422402545809746,
        -0.026998843997716904,
        0,
        0.031016170978546143,
        0.14043378829956055,
        0.9896039366722107,
        0,
        5.453995227813721,
        0.13093657791614532,
        -0.618629515171051,
        0.9999998807907104
      ],
      "timestamp": 267452.26629225,
      "id": 61,
      "planes": []
    },
    {
      "id": 62,
      "planes": [],
      "pose": [
        0.027959458529949188,
        -0.9804720282554626,
        0.1946609914302826,
        0,
        0.9952152967453003,
        0.009065208025276661,
        -0.09728451073169708,
        0,
        0.09362008422613144,
        0.1964496374130249,
        0.9760342240333557,
        0,
        5.8580241203308105,
        0.14372988045215607,
        -0.7184196710586548,
        1.0000001192092896
      ],
      "timestamp": 267452.76629225
    },
    {
      "pose": [
        0.04184749349951744,
        -0.9878712892532349,
        0.14952951669692993,
        0,
        0.9974014759063721,
        0.03252091631293297,
        -0.06428347527980804,
        0,
        0.058640964329242706,
        0.15183109045028687,
        0.9866651892662048,
        0,
        6.164270877838135,
        0.1488988846540451,
        -0.9741393327713013,
        1
      ],
      "timestamp": 267453.26629225,
      "id": 63,
      "planes": []
    },
    {
      "planes": [],
      "pose": [
        0.03744814172387123,
        -0.9860916137695312,
        0.16192927956581116,
        0,
        0.9967495799064636,
        0.025292403995990753,
        -0.0764889270067215,
        0,
        0.0713294968008995,
        0.16426734626293182,
        0.9838334321975708,
        0,
        6.378417015075684,
        0.149293452501297,
        -1.2997217178344727,
        1.0000001192092896
      ],
      "timestamp": 267453.76629225,
      "id": 64
    },
    {
      "planes": [],
      "id": 65,
      "pose": [
        0.040982719510793686,
        -0.9836474657058716,
        0.17538011074066162,
        0,
        0.9967204332351685,
        0.027990009635686874,
        -0.07592660188674927,
        0,
        0.06977611035108566,
        0.17791664600372314,
        0.9815685153007507,
        0,
        6.499087333679199,
        0.1657106876373291,
        -1.6726375818252563,
        1
      ],
      "timestamp": 267454.26629225
    },
    {
      "timestamp": 267454.76629225,
      "id": 66,
      "planes": [],
      "pose": [
        -0.03555185720324516,
        -0.9877623319625854,
        0.15186025202274323,
        0,
        0.9892862439155579,
        -0.013255001045763493,
        0.14538483321666718,
        0,
        -0.14159277081489563,
        0.15540198981761932,
        0.9776509404182434,
        0,
        6.466455459594727,
        0.16749458014965057,
        -2.0543859004974365,
        1
      ]
    },
    {
      "planes": [],
      "pose": [
        -0.058554328978061676,
        -0.9767292141914368,
        0.20632825791835785,
        0,
        0.9659116864204407,
        -0.003225021529942751,
        0.2588513195514679,
        0,
        -0.25216221809387207,
        0.21445177495479584,
        0.9436230063438416,
        0,
        6.453762531280518,
        0.1428576409816742,
        -2.3972208499908447,
        1
      ],
      "timestamp": 267455.26629225,
      "id": 67
    },
    {
      "planes": [],
      "pose": [
        -0.14596989750862122,
        -0.9556474685668945,
        0.25579434633255005,
        0,
        0.9229341149330139,
        -0.03844818100333214,
        0.38303300738334656,
        0,
        -0.35620972514152527,
        0.2919926643371582,
        0.8876118063926697,
        0,
        6.522829532623291,
        0.12190759927034378,
        -2.685539722442627,
        1.0000001192092896
      ],
      "id": 68,
      "timestamp": 267455.76629225
    },
    {
      "pose": [
        -0.13209828734397888,
        -0.9553477764129639,
        0.26431140303611755,
        0,
        0.9020928740501404,
        -0.005351318512111902,
        0.43150827288627625,
        0,
        -0.41082605719566345,
        0.29543501138687134,
        0.862519383430481,
        0,
        6.591690540313721,
        0.10024784505367279,
        -2.935056686401367,
        1
      ],
      "id": 69,
      "planes": [],
      "timestamp": 267456.26629225
    },
    {
      "pose": [
        -0.16609519720077515,
        -0.938506543636322,
        0.3026842474937439,
        0,
        0.8967903256416321,
        -0.016107553616166115,
        0.4421621859073639,
        0,
        -0.4100966453552246,
        0.34488537907600403,
        0.8443189263343811,
        0,
        6.629469871520996,
        0.07578474283218384,
        -3.0620648860931396,
        1
      ],
      "timestamp": 267456.76629225,
      "planes": [],
      "id": 70
    },
    {
      "planes": [],
      "timestamp": 267457.26629225,
      "id": 71,
      "pose": [
        -0.165601447224617,
        -0.936327338218689,
        0.30962422490119934,
        0,
        0.927010715007782,
        -0.04066881164908409,
        0.37282291054725647,
        0,
        -0.3364922106266022,
        0.3487650454044342,
        0.8747202157974243,
        0,
        6.734425067901611,
        0.053915753960609436,
        -3.109898567199707,
        1
      ]
    },
    {
      "pose": [
        -0.09438301622867584,
        -0.9440197348594666,
        0.3160988390445709,
        0,
        0.9912626147270203,
        -0.05972733721137047,
        0.11760429292917252,
        0,
        -0.0921410322189331,
        0.32443687319755554,
        0.9414087533950806,
        0,
        6.989911079406738,
        0.054344430565834045,
        -3.169996976852417,
        1
      ],
      "planes": [],
      "id": 72,
      "timestamp": 267457.76629225
    },
    {
      "planes": [],
      "id": 73,
      "pose": [
        -0.06262015551328659,
        -0.9274724125862122,
        0.36861032247543335,
        0,
        0.98410564661026,
        -0.11887581646442413,
        -0.13192573189735413,
        0,
        0.16617633402347565,
        0.3544903099536896,
        0.9201748967170715,
        0,
        7.231601238250732,
        0.021919865161180496,
        -3.2555434703826904,
        1.0000001192092896
      ],
      "timestamp": 267458.26629225
    },
    {
      "id": 74,
      "planes": [],
      "timestamp": 267458.76629225,
      "pose": [
        0.062179356813430786,
        -0.9083455204963684,
        0.4135723114013672,
        0,
        0.9099819660186768,
        -0.11861010640859604,
        -0.3973211646080017,
        0,
        0.40995872020721436,
        0.40104860067367554,
        0.8192028999328613,
        0,
        7.4434990882873535,
        0.020027857273817062,
        -3.3996188640594482,
        0.9999998807907104
      ]
    },
    {
      "pose": [
        0.2294878214597702,
        -0.9210174083709717,
        0.31474167108535767,
        0,
        0.7072625160217285,
        -0.06435803323984146,
        -0.7040154933929443,
        0,
        0.668666660785675,
        0.38416799902915955,
        0.6366316676139832,
        0,
        7.611684799194336,
        0.02746613696217537,
        -3.47717022895813,
        1.0000001192092896
      ],
      "id": 75,
      "timestamp": 267459.26629225,
      "planes": []
    },
    {
      "pose": [
        0.2504221796989441,
        -0.9477778077125549,
        0.19749881327152252,
        0,
        0.5817318558692932,
        -0.01575581170618534,
        -0.8132278919219971,
        0,
        0.7738710641860962,
        0.3185417056083679,
        0.5474069714546204,
        0,
        7.789114475250244,
        0.04327560216188431,
        -3.438549280166626,
        1
      ],
      "timestamp": 267459.76629225,
      "id": 76,
      "planes": []
    },
    {
      "planes": [],
      "timestamp": 267460.26629225,
      "pose": [
        0.2725158929824829,
        -0.9510361552238464,
        0.1458263248205185,
        0,
        0.5177149176597595,
        0.01719026081264019,
        -0.8553804159164429,
        0,
        0.8109909296035767,
        0.3086012601852417,
        0.4970501959323883,
        0,
        7.966614246368408,
        0.07322165369987488,
        -3.332512855529785,
        1
      ],
      "id": 77
    },
    {
      "timestamp": 267460.76629225,
      "pose": [
        0.252581924200058,
        -0.9594745635986328,
        0.12494409829378128,
        0,
        0.4897823929786682,
        0.015420287847518921,
        -0.8717082738876343,
        0,
        0.834455132484436,
        0.28137320280075073,
        0.47382861375808716,
        0,
        8.108773231506348,
        0.10614624619483948,
        -3.2927467823028564,
        1.0000001192092896
      ],
      "id": 78,
      "planes": []
    },
    {
      "planes": [],
      "id": 79,
