{
    "300": {
        "9": {
            "camera_pose": [
                [
                    0.9717279672622681,
                    -0.02290930226445198,
                    0.23498916625976562,
                    18.291358947753906
                ],
                [
                    -0.027535898610949516,
                    -0.9994858503341675,
                    0.016425784677267075,
                    0.2964508831501007
                ],
                [
                    0.23449203372001648,
                    -0.022432032972574234,
                    -0.9718591570854187,
                    -24.31003761291504
                ],
                [
                    0.0,
                    0.0,
                    0.0,
                    1.0
                ]
            ],
            "corner_pixels": [
                [
                    1323.9392836654577,
                    1128.1627181401504,
                    1120.6198691076768,
                    1315.6414902845354
                ],
                [
                    661.6081919405085,
                    671.176359924652,
                    963.7878752170029,
                    1010.7109375187104
                ]
            ],
            "tag_pose": [
                [
                    -0.4661087095737457,
                    -0.027536064386367798,
                    -0.8842988610267639,
                    0.12381446361541748
                ],
                [
                    0.001698412699624896,
                    0.9994857907295227,
                    -0.03201807662844658,
                    0.05155772343277931
                ],
                [
                    0.88472580909729,
                    -0.016425810754299164,
                    -0.4658223092556,
                    0.7646312713623047
                ],
                [
                    0.0,
                    0.0,
                    0.0,
                    0.9999999403953552
                ]
            ]
        },
        "63": {
            "camera_pose": [
                [
                    0.8365797996520996,
                    0.0015544472262263298,
                    0.547842800617218,
                    31.878236770629883
                ],
                [
                    -0.02541435696184635,
                    -0.9988093376159668,
                    0.04164285212755203,
                    0.18108505010604858
                ],
                [
                    0.5472551584243774,
                    -0.04876064881682396,
                    -0.8355442881584167,
                    11.229217529296875
                ],
                [
                    0.0,
                    0.0,
                    0.0,
                    1.0
                ]
            ],
            "corner_pixels": [
                [
                    1323.9392836654577,
                    1128.1627181401504,
                    1120.6198691076768,
                    1315.6414902845354
                ],
                [
                    661.6081919405085,
                    671.176359924652,
                    963.7878752170029,
                    1010.7109375187104
                ]
            ],
            "tag_pose": [
                [
                    -0.6446030139923096,
                    -0.02541450411081314,
                    -0.7640942931175232,
                    0.08059296011924744
                ],
                [
                    0.015466293320059776,
                    0.9988091588020325,
                    -0.04626893997192383,
                    0.09731318056583405
                ],
                [
                    0.764360249042511,
                    -0.04164285212755203,
                    -0.6434422731399536,
                    0.8969826698303223
                ],
                [
                    0.0,
                    0.0,
                    0.0,
                    0.9999998807907104
                ]
            ]
        },
        "64": {
            "camera_pose": [
                [
                    0.834689199924469,
                    -0.005821651313453913,
                    0.5506904721260071,
                    31.880664825439453
                ],
                [
                    -0.036988452076911926,
                    -0.9982789158821106,
                    0.04551056772470474,
                    0.18099161982536316
                ],
                [
                    0.5494775772094727,
                    -0.05835637077689171,
                    -0.833467960357666,
                    11.234594345092773
                ],
                [
                    0.0,
                    0.0,
                    0.0,
                    1.0
                ]
            ],
            "corner_pixels": [
                [
                    1323.9392836654577,
                    1128.1627181401504,
                    1120.6198691076768,
                    1315.6414902845354
                ],
                [
                    661.6081919405085,
                    671.176359924652,
                    963.7878752170029,
                    1010.7109375187104
                ]
            ],
            "tag_pose": [
                [
                    -0.6358048915863037,
                    -0.036988597363233566,
                    -0.7709630131721497,
                    0.07700714468955994
                ],
                [
                    0.011625811457633972,
                    0.9982787370681763,
                    -0.05748223140835762,
                    0.10048367083072662
                ],
                [
                    0.7717620730400085,
                    -0.045510563999414444,
                    -0.6342805027961731,
                    0.8844609260559082
                ],
                [
                    0.0,
                    0.0,
                    0.0,
                    1.0
                ]
            ]
        }
    },
    "301": {
        "8": {
            "camera_pose": [
                [
                    -0.9591060280799866,
                    -0.043956708163022995,
                    0.2796127498149872,
                    12.79952621459961
                ],
                [
                    0.04741393402218819,
                    -0.9988595843315125,
                    0.005609240848571062,
                    0.3007657527923584
                ],
                [
                    0.27904731035232544,
                    0.01863740012049675,
                    0.9600964188575745,
                    -22.188919067382812
                ],
                [
                    0.0,
                    0.0,
                    0.0,
                    1.0
                ]
            ],
            "corner_pixels": [
                [
                    1251.8724101140347,
                    857.9080040854872,
                    878.6217016864578,
                    1277.6356420717816
                ],
                [
                    548.5090485215568,
                    595.4509870589874,
                    1034.7852990890517,
                    1079.221265587586
                ]
            ],
            "tag_pose": [
                [
                    -0.7802519202232361,
                    0.04741375520825386,
                    -0.6236656904220581,
                    0.029487529769539833
                ],
                [
                    0.04054190590977669,
                    0.9988595247268677,
                    0.025216668844223022,
                    0.030496124178171158
                ],
                [
                    0.6241500377655029,
                    -0.005609243176877499,
                    -0.7812843918800354,
                    0.5035514831542969
                ],
                [
                    0.0,
                    0.0,
                    0.0,
                    1.0
                ]
            ]
        },
        "62": {
            "camera_pose": [
                [
                    -0.9989392161369324,
                    0.027996711432933807,
                    -0.03655855730175972,
                    26.24057960510254
                ],
                [
                    -0.02807755023241043,
                    -0.999604344367981,
                    0.0016996259801089764,
                    0.20257945358753204
                ],
                [
                    -0.036496520042419434,
                    0.002724298508837819,
                    0.9993301033973694,
                    10.410285949707031
                ],
                [
                    0.0,
                    0.0,
                    0.0,
                    0.9999999403953552
                ]
            ],
            "corner_pixels": [
                [
                    1251.8724101140347,
                    857.9080040854872,
                    878.6217016864578,
                    1277.6356420717816
                ],
                [
                    548.5090485215568,
                    595.4509870589874,
                    1034.7852990890517,
                    1079.221265587586
                ]
            ],
            "tag_pose": [
                [
                    -0.9087556600570679,
                    -0.028077691793441772,
                    -0.4163829982280731,
                    0.034572504460811615
                ],
                [
                    -0.024817530065774918,
                    0.9996042251586914,
                    -0.013241438195109367,
                    0.03570634499192238
                ],
                [
                    0.41658997535705566,
                    -0.0016996334306895733,
                    -0.9090927839279175,
                    0.6193408966064453
                ],
                [
                    0.0,
                    0.0,
                    0.0,
                    1.0
                ]
            ]
        }
    },
    "302": {
        "6": {
            "camera_pose": [
                [
                    0.9533923268318176,
                    0.014236431568861008,
                    0.3013971745967865,
                    9.524136543273926
                ],
                [
                    -0.0055539789609611034,
                    -0.9978890419006348,
                    0.06470366567373276,
                    0.24411316215991974
                ],
                [
                    0.30168211460113525,
                    -0.06336193531751633,
                    -0.9513007402420044,
                    -13.993573188781738
                ],
                [
                    0.0,
                    0.0,
                    0.0,
                    1.0
                ]
            ],
            "corner_pixels": [
                [
                    1250.9328947544482,
                    1142.4577133988219,
                    1142.8995718864617,
                    1252.5082679250818
                ],
                [
                    768.7813884533585,
                    774.8955956217092,
                    987.7247705031192,
                    1012.0145563926079
                ]
            ],
            "tag_pose": [
                [
                    -0.3396492004394531,
                    -0.005554120521992445,
                    -0.9405356049537659,
                    0.16093379259109497
                ],
                [
                    0.0589754544198513,
                    0.9978890419006348,
                    -0.027190206572413445,
                    0.1124858483672142
                ],
                [
                    0.9387012124061584,
                    -0.06470366567373276,
                    -0.3386046290397644,
                    1.0730648040771484
                ],
                [
                    0.0,
                    0.0,
                    0.0,
                    1.0
                ]
            ]
        },
        "10": {
            "camera_pose": [
                [
                    0.9839783310890198,
                    0.0014434645418077707,
                    0.17828243970870972,
                    9.417417526245117
                ],
                [
                    -0.0018078195862472057,
                    -0.9998350739479065,
                    0.018072905018925667,
                    0.2530767023563385
                ],
                [
                    0.1782790869474411,
                    -0.01810564659535885,
                    -0.9838133454322815,
                    -13.598878860473633
                ],
                [
                    0.0,
                    0.0,
                    0.0,
                    1.0
                ]
            ],
            "corner_pixels": [
                [
                    1250.9328947544482,
                    1142.4577133988219,
                    1142.8995718864617,
                    1252.5082679250818
                ],
                [
                    768.7813884533585,
                    774.8955956217092,
                    987.7247705031192,
                    1012.0145563926079
                ]
            ],
            "tag_pose": [
                [
                    -0.45528268814086914,
                    -0.0018080223817378283,
                    -0.8903450965881348,
                    0.06302250176668167
                ],
                [
                    0.015268352814018726,
                    0.9998350739479065,
                    -0.009837917983531952,
                    0.046820078045129776
                ],
                [
                    0.890216052532196,
                    -0.018073134124279022,
                    -0.4551800489425659,
                    0.6914997100830078
                ],
                [
                    0.0,
                    0.0,
                    0.0,
                    1.0
                ]
            ]
        },
        "61": {
            "camera_pose": [
                [
                    0.7088501453399658,
                    0.07874877005815506,
                    0.7009492516517639,
                    18.777912139892578
                ],
                [
                    -0.0031778698321431875,
                    -0.993381679058075,
                    0.11481603235006332,
                    0.14748609066009521
                ],
                [
                    0.7053518295288086,
                    -0.08361490070819855,
                    -0.7039086222648621,
                    15.604764938354492
                ],
                [
                    0.0,
                    0.0,
                    0.0,
                    0.9999999403953552
                ]
            ],
            "corner_pixels": [
                [
                    1250.9328947544482,
                    1142.4577133988219,
                    1142.8995718864617,
                    1252.5082679250818
                ],
                [
                    768.7813884533585,
                    774.8955956217092,
                    987.7247705031192,
                    1012.0145563926079
                ]
            ],
            "tag_pose": [
                [
                    -0.42593204975128174,
                    -0.0031780090648680925,
                    -0.9047499895095825,
                    0.15017300844192505
                ],
                [
                    0.10253617912530899,
                    0.993381679058075,
                    -0.05176061391830444,
                    0.1711009293794632
                ],
                [
                    0.8989265561103821,
                    -0.11481603980064392,
                    -0.422787070274353,
                    1.0035892724990845
                ],
                [
                    0.0,
                    0.0,
                    0.0,
                    1.0
                ]
            ]
        }
    },
    "303": {
        "7": {
            "camera_pose": [
                [
                    -0.914431631565094,
                    -0.04673140123486519,
                    -0.40203332901000977,
                    6.239047050476074
                ],
                [
                    -0.02485671080648899,
                    -0.984952986240387,
                    0.17102566361427307,
                    0.14297179877758026
                ],
                [
                    -0.4039761424064636,
                    0.1663845032453537,
                    0.8995107412338257,
                    -14.669136047363281
                ],
                [
                    0.0,
                    0.0,
                    0.0,
                    1.0
                ]
            ],
            "corner_pixels": [
                [
                    1141.40223542758,
                    993.5654745796161,
                    986.3084160355403,
                    1139.2432791142005
                ],
                [
                    614.0605787762034,
                    686.4761965825943,
                    1031.257851633411,
                    1043.9084644838101
                ]
            ],
            "tag_pose": [
                [
                    -0.3278493285179138,
                    -0.024856839329004288,
                    -0.9444031715393066,
                    0.040686339139938354
                ],
                [
                    0.15358538925647736,
                    0.9849529266357422,
                    -0.07924123853445053,
                    0.04912329465150833
                ],
                [
                    0.9321621656417847,
                    -0.17102563381195068,
                    -0.31909841299057007,
                    0.6359901428222656
                ],
                [
                    0.0,
                    0.0,
                    0.0,
                    0.9999999403953552
                ]
            ]
        },
        "11": {
            "camera_pose": [
                [
                    -0.9556379318237305,
                    0.0037787058390676975,
                    -0.2945195138454437,
                    6.316671371459961
                ],
                [
                    -0.042177677154541016,
                    -0.9913684129714966,
                    0.12413609772920609,
                    0.1636786162853241
                ],
                [
                    -0.29150819778442383,
                    0.13105130195617676,
                    0.9475486874580383,
                    -14.65126895904541
                ],
                [
                    0.0,
                    0.0,
                    0.0,
                    0.9999998807907104
                ]
            ],
            "corner_pixels": [
                [
                    1141.40223542758,
                    993.5654745796161,
                    986.3084160355403,
                    1139.2432791142005
                ],
                [
                    614.0605787762034,
                    686.4761965825943,
                    1031.257851633411,
                    1043.9084644838101
                ]
            ],
            "tag_pose": [
                [
                    -0.43276169896125793,
                    -0.04217781871557236,
                    -0.9005212783813477,
                    0.045626185834407806
                ],
                [
                    0.09385880082845688,
                    0.991368293762207,
                    -0.09153837710618973,
                    -0.001713984296657145
                ],
                [
                    0.8966090679168701,
                    -0.12413612008094788,
                    -0.4250674545764923,
                    0.6411952972412109
                ],
                [
                    0.0,
                    0.0,
                    0.0,
                    1.0
                ]
            ]
        },
        "59": {
            "camera_pose": [
                [
                    -0.5938293933868408,
                    -0.12415038794279099,
                    -0.7949550151824951,
                    16.304059982299805
                ],
                [
                    -0.02610260620713234,
                    -0.9845309853553772,
                    0.17325560748577118,
                    0.08311044424772263
                ],
                [
                    -0.8041673302650452,
                    0.12363467365503311,
                    0.5814028382301331,
                    13.458337783813477
                ],
                [
                    0.0,
                    0.0,
                    0.0,
                    1.0000001192092896
                ]
            ],
            "corner_pixels": [
                [
                    1141.40223542758,
                    993.5654745796161,
                    986.3084160355403,
                    1139.2432791142005
                ],
                [
                    614.0605787762034,
                    686.4761965825943,
                    1031.257851633411,
                    1043.9084644838101
                ]
            ],
            "tag_pose": [
                [
                    -0.3498784005641937,
                    -0.026102745905518532,
                    -0.9364315271377563,
                    0.0365656241774559
                ],
                [
                    0.1533549427986145,
                    0.9845309257507324,
                    -0.08474144339561462,
                    0.06209028139710426
                ],
                [
                    0.9241575598716736,
                    -0.17325559258460999,
                    -0.3404631018638611,
                    0.9527802467346191
                ],
                [
                    0.0,
                    0.0,
                    0.0,
                    1.0
                ]
            ]
        },
        "60": {
            "camera_pose": [
                [
                    -0.7702250480651855,
                    -0.13994552195072174,
                    -0.622228741645813,
                    16.560062408447266
                ],
                [
                    0.01862809620797634,
                    -0.9801487922668457,
                    0.19738660752773285,
                    0.0667310506105423
                ],
                [
                    -0.637499988079071,
                    0.1404411792755127,
                    0.7575421333312988,
                    13.424233436584473
                ],
                [
                    0.0,
                    0.0,
                    0.0,
                    0.9999999403953552
                ]
            ],
            "corner_pixels": [
                [
                    1141.40223542758,
                    993.5654745796161,
                    986.3084160355403,
                    1139.2432791142005
                ],
                [
                    614.0605787762034,
                    686.4761965825943,
                    1031.257851633411,
                    1043.9084644838101
                ]
            ],
            "tag_pose": [
                [
                    -0.5624457597732544,
                    0.018627954646945,
                    -0.8266243934631348,
                    -0.00070964201586321
                ],
                [
                    0.17349398136138916,
                    0.9801486730575562,
                    -0.09595987945795059,
                    0.052535951137542725
                ],
                [
                    0.8084272742271423,
                    -0.19738657772541046,
                    -0.5545122027397156,
                    0.6649109125137329
                ],
                [
                    0.0,
                    0.0,
                    0.0,
                    1.0000001192092896
                ]
            ]
        }
    },
    "304": {
        "1": {
            "camera_pose": [
                [
                    0.9300718307495117,
                    0.021822256967425346,
                    0.3667290210723877,
                    7.233292102813721
                ],
                [
                    -0.02435724250972271,
                    -0.9923750162124634,
                    0.12082449346780777,
                    0.23477695882320404
                ],
                [
                    0.3665693700313568,
                    -0.12130796909332275,
                    -0.9224485754966736,
                    -11.119000434875488
                ],
                [
                    0.0,
                    0.0,
                    0.0,
                    1.0
                ]
            ],
            "corner_pixels": [
                [
                    1225.4442486129617,
                    1081.7321756865376,
                    1077.8124528223952,
                    1224.2327102798245
                ],
                [
                    724.4619758957817,
                    749.9371479807714,
                    1014.7968713263183,
                    1036.2054309266625
                ]
            ],
            "tag_pose": [
                [
                    -0.3957899212837219,
                    -0.02435748651623726,
                    -0.9180171489715576,
                    0.10246119648218155
                ],
                [
                    0.10141175985336304,
                    0.9923749566078186,
                    -0.07005259394645691,
                    0.08642758429050446
                ],
                [
                    0.9127235412597656,
                    -0.12082402408123016,
                    -0.39030182361602783,
                    0.8523187637329102
                ],
                [
                    0.0,
                    0.0,
                    0.0,
                    0.9999998807907104
                ]
            ]
        },
        "3": {
            "camera_pose": [
                [
                    0.928179144859314,
                    0.022176750004291534,
                    0.371472030878067,
                    7.322885036468506
                ],
                [
                    -0.02350357547402382,
                    -0.9927362203598022,
                    0.11799324303865433,
                    0.2230592519044876
                ],
                [
                    0.3713904321193695,
                    -0.1182498037815094,
                    -0.9209159016609192,
                    -11.07821273803711
                ],
                [
                    0.0,
                    0.0,
                    0.0,
                    0.9999999403953552
                ]
            ],
            "corner_pixels": [
                [
                    1225.4442486129617,
                    1081.7321756865376,
                    1077.8124528223952,
                    1224.2327102798245
                ],
                [
                    724.4619758957817,
                    749.9371479807714,
                    1014.7968713263183,
                    1036.2054309266625
                ]
            ],
            "tag_pose": [
                [
                    -0.44351643323898315,
                    -0.02350364811718464,
                    -0.895957887172699,
                    0.07410678267478943
                ],
                [
                    0.09541984647512436,
                    0.9927363395690918,
                    -0.07327710092067719,
                    0.10002578794956207
                ],
                [
                    0.8911722302436829,
                    -0.11799179017543793,
                    -0.4380521774291992,
                    0.89520263671875
                ],
                [
                    0.0,
                    0.0,
                    0.0,
                    1.0
                ]
            ]
        },
        "4": {
            "camera_pose": [
                [
                    0.9300423860549927,
                    0.016797300428152084,
                    0.36706793308258057,
                    7.317691326141357
                ],
                [
                    -0.028239645063877106,
                    -0.99273282289505,
                    0.11697915196418762,
                    0.22413954138755798
                ],
                [
                    0.36636531352996826,
                    -0.1191614419221878,
                    -0.9228093028068542,
                    -11.081613540649414
                ],
                [
                    0.0,
                    0.0,
                    0.0,
                    1.0
                ]
            ],
            "corner_pixels": [
                [
                    1225.4442486129617,
                    1081.7321756865376,
                    1077.8124528223952,
                    1224.2327102798245
                ],
                [
                    724.4619758957817,
                    749.9371479807714,
                    1014.7968713263183,
                    1036.2054309266625
                ]
            ],
            "tag_pose": [
                [
                    -0.44684743881225586,
                    -0.02823970653116703,
                    -0.8941644430160522,
                    0.07048043608665466
                ],
                [
                    0.09214360266923904,
                    0.9927328824996948,
                    -0.0774003341794014,
                    0.09809637814760208
                ],
                [
                    0.8898522257804871,
                    -0.11697766184806824,
                    -0.44099801778793335,
                    0.8932905197143555
                ],
                [
                    0.0,
                    0.0,
                    0.0,
                    0.9999999403953552
                ]
            ]
        },
        "5": {
            "camera_pose": [
                [
                    0.9325249195098877,
                    0.012467443943023682,
                    0.3608901798725128,
                    7.315842151641846
                ],
                [
                    -0.030927935615181923,
                    -0.9929739236831665,
                    0.11422012001276016,
                    0.22408339381217957
                ],
                [
                    0.3597785532474518,
                    -0.11767470091581345,
                    -0.9255873560905457,
                    -11.082517623901367
                ],
                [
                    0.0,
                    0.0,
                    0.0,
                    0.9999999403953552
                ]
            ],
            "corner_pixels": [
                [
                    1225.4442486129617,
                    1081.7321756865376,
                    1077.8124528223952,
                    1224.2327102798245
                ],
                [
                    724.4619758957817,
                    749.9371479807714,
                    1014.7968713263183,
                    1036.2054309266625
                ]
            ],
            "tag_pose": [
                [
                    -0.47348958253860474,
                    -0.030928052961826324,
                    -0.8802553415298462,
                    0.06156072020530701
                ],
                [
                    0.08608260750770569,
                    0.992974042892456,
                    -0.0811922699213028,
                    0.09518063813447952
                ],
                [
                    0.8765818476676941,
                    -0.1142185628414154,
                    -0.46750056743621826,
                    0.8861827850341797
                ],
                [
                    0.0,
                    0.0,
                    0.0,
                    1.0
                ]
            ]
        },
        "12": {
            "camera_pose": [
                [
                    0.8631921410560608,
                    0.011293459683656693,
                    0.5047491788864136,
                    7.318386077880859
                ],
                [
                    0.005018271971493959,
                    -0.9998923540115356,
                    0.013790037482976913,
                    0.23079198598861694
                ],
                [
                    0.5048505067825317,
                    -0.009370485320687294,
                    -0.8631559014320374,
                    -10.942577362060547
                ],
                [
                    0.0,
                    0.0,
                    0.0,
                    1.0
                ]
            ],
            "corner_pixels": [
                [
                    1225.4442486129617,
                    1081.7321756865376,
                    1077.8124528223952,
                    1224.2327102798245
                ],
                [
                    724.4619758957817,
                    749.9371479807714,
                    1014.7968713263183,
                    1036.2054309266625
                ]
            ],
            "tag_pose": [
                [
                    -0.2834818959236145,
                    0.005021786317229271,
                    -0.9589644074440002,
                    0.07072222977876663
                ],
                [
                    0.01464104000478983,
                    0.9998922944068909,
                    0.0009080367744900286,
                    -0.0035284054465591908
                ],
                [
                    0.9588657021522522,
                    -0.01378282718360424,
                    -0.2835249900817871,
                    0.7436704635620117
                ],
                [
                    0.0,
                    0.0,
                    0.0,
                    0.9999999403953552
                ]
            ]
        },
        "57": {
            "camera_pose": [
                [
                    0.613537609577179,
                    0.11767759919166565,
                    0.7808480262756348,
                    15.446548461914062
                ],
                [
                    -0.010015220381319523,
                    -0.987594723701477,
                    0.1567046195268631,
                    0.13939833641052246
                ],
                [
                    0.7896019816398621,
                    -0.10396455228328705,
                    -0.6047479510307312,
                    16.700397491455078
                ],
                [
                    0.0,
                    0.0,
                    0.0,
                    1.0
                ]
            ],
            "corner_pixels": [
                [
                    1225.4442486129617,
                    1081.7321756865376,
                    1077.8124528223952,
                    1224.2327102798245
                ],
                [
                    724.4619758957817,
                    749.9371479807714,
                    1014.7968713263183,
                    1036.2054309266625
                ]
            ],
            "tag_pose": [
                [
                    -0.4245799481868744,
                    -0.010015795938670635,
                    -0.9053350687026978,
                    0.13226112723350525
                ],
                [
                    0.13768449425697327,
                    0.9875946640968323,
                    -0.07549647241830826,
                    0.1224910244345665
                ],
                [
                    0.8948602080345154,
                    -0.15670490264892578,
                    -0.4179338812828064,
                    0.8585778474807739
                ],
                [
                    0.0,
                    0.0,
                    0.0,
                    1.0
                ]
            ]
        },
        "58": {
            "camera_pose": [
                [
                    0.6184699535369873,
                    0.11385519057512283,
                    0.7775164842605591,
                    15.451333045959473
                ],
                [
                    -0.01581433042883873,
                    -0.9874441623687744,
                    0.1571752279996872,
                    0.14027173817157745
                ],
                [
                    0.7856491804122925,
                    -0.10950406640768051,
                    -0.6089040637016296,
                    16.70030403137207
                ],
                [
                    0.0,
                    0.0,
                    0.0,
                    1.0
                ]
            ],
            "corner_pixels": [
                [
                    1225.4442486129617,
                    1081.7321756865376,
                    1077.8124528223952,
                    1224.2327102798245
                ],
                [
                    724.4619758957817,
                    749.9371479807714,
                    1014.7968713263183,
                    1036.2054309266625
                ]
            ],
            "tag_pose": [
                [
                    -0.4323688745498657,
                    -0.01581491157412529,
                    -0.9015578031539917,
                    0.12756332755088806
                ],
                [
                    0.13498450815677643,
                    0.9874439835548401,
                    -0.08205732703208923,
                    0.1254216730594635
                ],
                [
                    0.8915355205535889,
                    -0.1571754664182663,
                    -0.424805223941803,
                    0.8746788501739502
                ],
                [
                    0.0,
                    0.0,
                    0.0,
                    1.0
                ]
            ]
        }
    },
    "305": {
        "2": {
            "camera_pose": [
                [
                    -0.9453407526016235,
                    -0.0134738739579916,
                    -0.3258056640625,
                    4.0282511711120605
                ],
                [
                    -0.011036759242415428,
                    -0.9972514510154724,
                    0.07326557487249374,
                    0.2693566381931305
                ],
                [
                    -0.32589730620384216,
                    0.07285676151514053,
                    0.9425937533378601,
                    -9.512371063232422
                ],
                [
                    0.0,
                    0.0,
                    0.0,
                    1.0
                ]
            ],
            "corner_pixels": [
                [
                    1146.3716772993469,
                    1028.7386280208482,
                    1027.0226010479093,
                    1145.7945769966943
                ],
                [
                    753.0747855835833,
                    762.4106432676195,
                    987.2354620491951,
                    1010.6163029883902
                ]
            ],
            "tag_pose": [
                [
                    -0.4194785952568054,
                    -0.011036928743124008,
                    -0.9076980352401733,
