{
    "300": {
        "6": {
            "camera_pose": [
                [
                    -0.6449130773544312,
                    -0.017935823649168015,
                    -0.764045238494873,
                    5.795677661895752
                ],
                [
                    -0.019617857411503792,
                    -0.9990067481994629,
                    0.0400104820728302,
                    0.13551104068756104
                ],
                [
                    -0.7640038728713989,
                    0.04079221561551094,
                    0.6439206004142761,
                    -27.563627243041992
                ],
                [
                    0.0,
                    0.0,
                    0.0,
                    1.0
                ]
            ],
            "corner_pixels": [
                [
                    1243.1845086965557,
                    1004.4827561607169,
                    995.7206643814745,
                    1238.3606640874973
                ],
                [
                    705.7957318361653,
                    682.7115085472102,
                    1158.893207805017,
                    1094.0132820104366
                ]
            ],
            "tag_pose": [
                [
                    -0.6439233422279358,
                    -0.019617971032857895,
                    0.7648380994796753,
                    0.06361760944128036
                ],
                [
                    -0.04323809966444969,
                    0.9990065097808838,
                    -0.010778164491057396,
                    0.06789398938417435
                ],
                [
                    -0.7638669013977051,
                    -0.0400104857981205,
                    -0.6441318988800049,
                    0.5719242095947266
                ],
                [
                    0.0,
                    0.0,
                    0.0,
                    0.9999999403953552
                ]
            ]
        },
        "54": {
            "camera_pose": [
                [
                    -0.6714974045753479,
                    -0.001570984022691846,
                    -0.741005003452301,
                    1.1352872848510742
                ],
                [
                    -0.02706208825111389,
                    -0.9992787837982178,
                    0.02664216421544552,
                    0.08135832846164703
                ],
                [
                    -0.7405122518539429,
                    0.037943284958601,
                    0.670970618724823,
                    -28.687828063964844
                ],
                [
                    0.0,
                    0.0,
                    0.0,
                    1.0
                ]
            ],
            "corner_pixels": [
                [
                    1243.1845086965557,
                    1004.4827561607169,
                    995.7206643814745,
                    1238.3606640874973
                ],
                [
                    705.7957318361653,
                    682.7115085472102,
                    1158.893207805017,
                    1094.0132820104366
                ]
            ],
            "tag_pose": [
                [
                    -0.7788512110710144,
                    -0.02706223912537098,
                    0.6266249418258667,
                    0.015664951875805855
                ],
                [
                    -0.037784527987241745,
                    0.9992785453796387,
                    -0.0038073763716965914,
                    0.03952610865235329
                ],
                [
                    -0.6260698437690735,
                    -0.026642095297574997,
                    -0.7793118357658386,
                    0.6384963989257812
                ],
                [
                    0.0,
                    0.0,
                    0.0,
                    1.0
                ]
            ]
        }
    },
    "301": {
        "5": {
            "camera_pose": [
                [
                    0.847298800945282,
                    0.02468952350318432,
                    0.5305420756340027,
                    2.157987117767334
                ],
                [
                    -0.014357293955981731,
                    -0.9974892139434814,
                    0.06934879720211029,
                    0.15023139119148254
                ],
                [
                    0.5309221148490906,
                    -0.06637629866600037,
                    -0.8448169231414795,
                    -24.929475784301758
                ],
                [
                    0.0,
                    0.0,
                    0.0,
                    1.0
                ]
            ],
            "corner_pixels": [
                [
                    1217.0182511863009,
                    1069.4715073132656,
                    1065.3416363321276,
                    1215.954200149301
                ],
                [
                    712.7007295877645,
                    682.2753778731536,
                    1120.9326056404145,
                    1067.0319223716133
                ]
            ],
            "tag_pose": [
                [
                    -0.48430195450782776,
                    -0.014357403852045536,
                    0.8747832775115967,
                    0.07621277868747711
                ],
                [
                    -0.06761496514081955,
                    0.9974891543388367,
                    -0.021062012761831284,
                    0.06845046579837799
                ],
                [
                    -0.872284471988678,
                    -0.0693487897515297,
                    -0.4840567111968994,
                    0.6248817443847656
                ],
                [
                    0.0,
                    0.0,
                    0.0,
                    1.0
                ]
            ]
        },
        "7": {
            "camera_pose": [
                [
                    0.8823837041854858,
                    0.02973412536084652,
                    0.4695896506309509,
                    2.1051454544067383
                ],
                [
                    0.018648995086550713,
                    -0.9994271993637085,
                    0.028240663930773735,
                    0.13774549961090088
                ],
                [
                    0.4701603651046753,
                    -0.016161728650331497,
                    -0.8824328184127808,
                    -24.934072494506836
                ],
                [
                    0.0,
                    0.0,
                    0.0,
                    1.0
                ]
            ],
            "corner_pixels": [
                [
                    1217.0182511863009,
                    1069.4715073132656,
                    1065.3416363321276,
                    1215.954200149301
                ],
                [
                    712.7007295877645,
                    682.2753778731536,
                    1120.9326056404145,
                    1067.0319223716133
                ]
            ],
            "tag_pose": [
                [
                    -0.40197503566741943,
                    0.018649056553840637,
                    0.915460467338562,
                    0.08569135516881943
                ],
                [
                    -0.018367372453212738,
                    0.9994271397590637,
                    -0.028424594551324844,
                    0.054430585354566574
                ],
                [
                    -0.9154661297798157,
                    -0.028240589424967766,
                    -0.4014022648334503,
                    0.6159610748291016
                ],
                [
                    0.0,
                    0.0,
                    0.0,
                    0.9999999403953552
                ]
            ]
        },
        "53": {
            "camera_pose": [
                [
                    0.813065767288208,
                    0.012004176154732704,
                    0.582047700881958,
                    -1.4548823833465576
                ],
                [
                    -0.014380327425897121,
                    -0.9990682601928711,
                    0.040692783892154694,
                    0.05829990655183792
                ],
                [
                    0.5819938778877258,
                    -0.0414559505879879,
                    -0.812135636806488,
                    -25.321447372436523
                ],
                [
                    0.0,
                    0.0,
                    0.0,
                    1.0
                ]
            ],
            "corner_pixels": [
                [
                    1217.0182511863009,
                    1069.4715073132656,
                    1065.3416363321276,
                    1215.954200149301
                ],
                [
                    712.7007295877645,
                    682.2753778731536,
                    1120.9326056404145,
                    1067.0319223716133
                ]
            ],
            "tag_pose": [
                [
                    -0.6666109561920166,
                    -0.014380428940057755,
                    0.7452680468559265,
                    0.05969129502773285
                ],
                [
                    -0.039912499487400055,
                    0.9990682601928711,
                    -0.016422366723418236,
                    0.08620477467775345
                ],
                [
                    -0.7443373799324036,
                    -0.04069278761744499,
                    -0.666563868522644,
                    0.8230113983154297
                ],
                [
                    0.0,
                    0.0,
                    0.0,
                    1.0
                ]
            ]
        },
        "55": {
            "camera_pose": [
                [
                    0.7722744345664978,
                    -0.037375010550022125,
                    0.6341884732246399,
                    -1.632845401763916
                ],
                [
                    -0.04408716410398483,
                    -0.9990142583847046,
                    -0.0051889559254050255,
                    0.06961388885974884
                ],
                [
                    0.6337572932243347,
                    -0.02395227551460266,
                    -0.7731608748435974,
                    -25.13333511352539
                ],
                [
                    0.0,
                    0.0,
                    0.0,
                    0.9999999403953552
                ]
            ],
            "corner_pixels": [
                [
                    1217.0182511863009,
                    1069.4715073132656,
                    1065.3416363321276,
                    1215.954200149301
                ],
                [
                    712.7007295877645,
                    682.2753778731536,
                    1120.9326056404145,
                    1067.0319223716133
                ]
            ],
            "tag_pose": [
                [
                    -0.7284488081932068,
                    -0.04408707469701767,
                    0.683679461479187,
                    0.050090689212083817
                ],
                [
                    -0.02859150618314743,
                    0.999014139175415,
                    0.03395761549472809,
                    0.039374418556690216
                ],
                [
                    -0.6845026016235352,
                    0.00518896384164691,
                    -0.7289912700653076,
                    0.6142158508300781
                ],
                [
                    0.0,
                    0.0,
                    0.0,
                    1.0
                ]
            ]
        }
    },
    "302": {
        "4": {
            "camera_pose": [
                [
                    -0.6877566576004028,
                    0.0025977580808103085,
                    -0.7259363532066345,
                    3.7558040618896484
                ],
                [
                    -0.03641379997134209,
                    -0.9988582134246826,
                    0.03092426061630249,
                    0.11828158795833588
                ],
                [
                    -0.7250272035598755,
                    0.047702476382255554,
                    0.6870660185813904,
                    -13.609930992126465
                ],
                [
                    0.0,
                    0.0,
                    0.0,
                    0.9999999403953552
                ]
            ],
            "corner_pixels": [
                [
                    1199.921836173562,
                    988.7078054718086,
                    972.9933557211036,
                    1188.4946766785088
                ],
                [
                    599.926481531134,
                    554.0829507127098,
                    991.7739821502267,
                    959.5643358335569
                ]
            ],
            "tag_pose": [
                [
                    -0.6064527630805969,
                    -0.03641395643353462,
                    0.7942853569984436,
                    0.05532827228307724
                ],
                [
                    -0.04668271541595459,
                    0.9988582730293274,
                    0.010149396024644375,
                    0.022366531193256378
                ],
                [
                    -0.7937480211257935,
                    -0.030924266204237938,
                    -0.6074602603912354,
                    0.6158199310302734
                ],
                [
                    0.0,
                    0.0,
                    0.0,
                    1.0000001192092896
                ]
            ]
        },
        "8": {
            "camera_pose": [
                [
                    -0.6614663600921631,
                    -0.023468876257538795,
                    -0.7496073246002197,
                    3.7136640548706055
                ],
                [
                    0.00015629258996341377,
                    -0.9995146989822388,
                    0.031155113130807877,
                    0.09889575839042664
                ],
                [
                    -0.7499746084213257,
                    0.020490901544690132,
                    0.6611489653587341,
                    -13.652528762817383
                ],
                [
                    0.0,
                    0.0,
                    0.0,
                    1.0
                ]
            ],
            "corner_pixels": [
                [
                    1199.921836173562,
                    988.7078054718086,
                    972.9933557211036,
                    1188.4946766785088
                ],
                [
                    599.926481531134,
                    554.0829507127098,
                    991.7739821502267,
                    959.5643358335569
                ]
            ],
            "tag_pose": [
                [
                    -0.637046217918396,
                    0.00015614856965839863,
                    0.770825207233429,
                    0.017917532473802567
                ],
                [
                    -0.023915715515613556,
                    0.9995144009590149,
                    -0.019967548549175262,
                    0.038409505039453506
                ],
                [
                    -0.7704541683197021,
                    -0.03115510195493698,
                    -0.6367331743240356,
                    0.6242589950561523
                ],
                [
                    0.0,
                    0.0,
                    0.0,
                    1.0
                ]
            ]
        },
        "51": {
            "camera_pose": [
                [
                    -0.6439732909202576,
                    0.0034277583472430706,
                    -0.7650400400161743,
                    1.2770404815673828
                ],
                [
                    -0.05633421242237091,
                    -0.9974877238273621,
                    0.04295014962553978,
                    0.027258215472102165
                ],
                [
                    -0.7629707455635071,
                    0.0707566887140274,
                    0.6425485610961914,
                    -13.920713424682617
                ],
                [
                    0.0,
                    0.0,
                    0.0,
                    0.9999998807907104
                ]
            ],
            "corner_pixels": [
                [
                    1199.921836173562,
                    988.7078054718086,
                    972.9933557211036,
                    1188.4946766785088
                ],
                [
                    599.926481531134,
                    554.0829507127098,
                    991.7739821502267,
                    959.5643358335569
                ]
            ],
            "tag_pose": [
                [
                    -0.7249788045883179,
                    -0.056334368884563446,
                    0.6864637732505798,
                    0.09896357357501984
                ],
                [
                    -0.07044588774442673,
                    0.9974877238273621,
                    0.0074600838124752045,
                    0.07476247847080231
                ],
                [
                    -0.6851595044136047,
                    -0.04295014962553978,
                    -0.7271258234977722,
                    1.004983901977539
                ],
                [
                    0.0,
                    0.0,
                    0.0,
                    1.0000001192092896
                ]
            ]
        },
        "56": {
            "camera_pose": [
                [
                    -0.8042810559272766,
                    -0.028028972446918488,
                    -0.5935875177383423,
                    1.916649580001831
                ],
                [
                    -0.010960708372294903,
                    -0.998017430305481,
                    0.06197720393538475,
                    0.045922476798295975
                ],
                [
                    -0.5941476821899414,
                    0.05635323002934456,
                    0.8023792505264282,
                    -14.646956443786621
                ],
                [
                    0.0,
                    0.0,
                    0.0,
                    1.0
                ]
            ],
            "corner_pixels": [
                [
                    1199.921836173562,
                    988.7078054718086,
                    972.9933557211036,
                    1188.4946766785088
                ],
                [
                    599.926481531134,
                    554.0829507127098,
                    991.7739821502267,
                    959.5643358335569
                ]
            ],
            "tag_pose": [
                [
                    -0.6539880633354187,
                    -0.010960829444229603,
                    0.7564257383346558,
                    0.03697333484888077
                ],
                [
                    -0.05404176190495491,
                    0.9980173110961914,
                    -0.032261669635772705,
                    0.07606083899736404
                ],
                [
                    -0.7545724511146545,
                    -0.06197729334235191,
                    -0.6532836556434631,
                    0.8701286315917969
                ],
                [
                    0.0,
                    0.0,
                    0.0,
                    1.0
                ]
            ]
        }
    },
    "303": {
        "3": {
            "camera_pose": [
                [
                    0.7185548543930054,
                    0.08680570870637894,
                    0.6900314092636108,
                    0.9277592897415161
                ],
                [
                    0.03001043014228344,
                    -0.9951258897781372,
                    0.0939355343580246,
                    -0.09332646429538727
                ],
                [
                    0.6948221921920776,
                    -0.04678969085216522,
                    -0.7176576256752014,
                    -15.279826164245605
                ],
                [
                    0.0,
                    0.0,
                    0.0,
                    1.0
                ]
            ],
            "corner_pixels": [
                [
                    1206.0312515375695,
                    1054.2495172120664,
                    1069.6579761635055,
                    1221.6402519173532
                ],
                [
                    684.3124849235778,
                    648.7856507917425,
                    1075.0227327138712,
                    1031.3279773839365
                ]
            ],
            "tag_pose": [
                [
                    -0.4968436062335968,
                    0.030010277405381203,
                    0.8673213720321655,
                    0.0762108713388443
                ],
                [
                    -0.06669461727142334,
                    0.9951258897781372,
                    -0.0726383700966835,
                    0.05568952485918999
                ],
                [
                    -0.8652737736701965,
                    -0.093935526907444,
                    -0.49242037534713745,
                    0.6426029205322266
                ],
                [
                    0.0,
                    0.0,
                    0.0,
                    1.0
                ]
            ]
        },
        "9": {
            "camera_pose": [
                [
                    0.7404394149780273,
                    0.019886070862412453,
                    0.67182856798172,
                    0.8067434430122375
                ],
                [
                    -0.025838706642389297,
                    -0.9979811906814575,
                    0.058017659932374954,
                    -0.12281550467014313
                ],
                [
                    0.6716259121894836,
                    -0.0603177472949028,
                    -0.7384307980537415,
                    -15.205185890197754
                ],
                [
                    0.0,
                    0.0,
                    0.0,
                    1.0
                ]
            ],
            "corner_pixels": [
                [
                    1206.0312515375695,
                    1054.2495172120664,
                    1069.6579761635055,
                    1221.6402519173532
                ],
                [
                    684.3124849235778,
                    648.7856507917425,
                    1075.0227327138712,
                    1031.3279773839365
                ]
            ],
            "tag_pose": [
                [
                    -0.49117136001586914,
                    -0.025839202105998993,
                    0.870680034160614,
                    0.06878461688756943
                ],
                [
                    -0.06322290003299713,
                    0.997981071472168,
                    -0.0060484083369374275,
                    0.057323526591062546
                ],
                [
                    -0.8687658309936523,
                    -0.05801769718527794,
                    -0.4918133020401001,
                    0.5892753601074219
                ],
                [
                    0.0,
                    0.0,
                    0.0,
                    1.0
                ]
            ]
        },
        "52": {
            "camera_pose": [
                [
                    0.7229244709014893,
                    0.12476465106010437,
                    0.6795686483383179,
                    -1.3879939317703247
                ],
                [
                    0.0015109822852537036,
                    -0.9838442206382751,
                    0.17902040481567383,
                    -0.08694375306367874
                ],
                [
                    0.6909250617027283,
                    -0.12839142978191376,
                    -0.7114335894584656,
                    -15.240911483764648
                ],
                [
                    0.0,
                    0.0,
                    0.0,
                    0.9999998807907104
                ]
            ],
            "corner_pixels": [
                [
                    1206.0312515375695,
                    1054.2495172120664,
                    1069.6579761635055,
                    1221.6402519173532
                ],
                [
                    684.3124849235778,
                    648.7856507917425,
                    1075.0227327138712,
                    1031.3279773839365
                ]
            ],
            "tag_pose": [
                [
                    -0.634046196937561,
                    0.001510825240984559,
                    0.773293673992157,
                    0.044532690197229385
                ],
                [
                    -0.13749316334724426,
                    0.9838442206382751,
                    -0.11465688049793243,
                    0.03491545468568802
                ],
                [
                    -0.7609737515449524,
                    -0.17902038991451263,
                    -0.6235948801040649,
                    0.5492582321166992
                ],
                [
                    0.0,
                    0.0,
                    0.0,
                    1.0000001192092896
                ]
            ]
        }
    },
    "304": {
        "2": {
            "camera_pose": [
                [
                    -0.554219663143158,
                    -0.11191128939390182,
                    -0.8248127102851868,
                    2.6000475883483887
                ],
                [
                    -0.006719278637319803,
                    -0.9902867078781128,
                    0.13887785375118256,
                    0.049137841910123825
                ],
                [
                    -0.8323431015014648,
                    0.08251099288463593,
                    0.5480844378471375,
                    -10.144111633300781
                ],
                [
                    0.0,
                    0.0,
                    0.0,
                    0.9999999403953552
                ]
            ],
            "corner_pixels": [
                [
                    1122.8523440731167,
                    947.3121340293627,
                    944.5842843650878,
                    1125.2812723968898
                ],
                [
                    729.1080690097671,
                    688.585492189238,
                    1056.8046406168235,
                    1040.3903509892693
                ]
            ],
            "tag_pose": [
                [
                    -0.5705463290214539,
                    -0.006719422526657581,
                    0.8212382793426514,
                    0.03991496190428734
                ],
                [
                    -0.11785363405942917,
                    0.9902867674827576,
                    -0.07377493381500244,
                    0.07192433625459671
                ],
                [
                    -0.8127656579017639,
                    -0.13887783885002136,
                    -0.565796434879303,
                    0.7327146530151367
                ],
                [
                    0.0,
                    0.0,
                    0.0,
                    1.0000001192092896
                ]
            ]
        },
        "10": {
            "camera_pose": [
                [
                    -0.7281928658485413,
                    -0.06783005595207214,
                    -0.6820073127746582,
                    3.0509707927703857
                ],
                [
                    -0.0003611690772231668,
                    -0.9950525164604187,
                    0.09935006499290466,
                    0.07088302075862885
                ],
                [
                    -0.6853719353675842,
                    0.0725923404097557,
                    0.7245656251907349,
                    -10.162250518798828
                ],
                [
                    0.0,
                    0.0,
                    0.0,
                    1.0
                ]
            ],
            "corner_pixels": [
                [
                    1122.8523440731167,
                    947.3121340293627,
                    944.5842843650878,
                    1125.2812723968898
                ],
                [
                    729.1080690097671,
                    688.585492189238,
                    1056.8046406168235,
                    1040.3903509892693
                ]
            ],
            "tag_pose": [
                [
                    -0.45573681592941284,
                    -0.00036135269328951836,
                    0.8901134133338928,
                    0.0488380528986454
                ],
                [
                    -0.08859694749116898,
                    0.9950523376464844,
                    -0.044957563281059265,
                    0.03275514394044876
                ],
                [
                    -0.8856932520866394,
                    -0.09935034811496735,
                    -0.453514039516449,
                    0.5464935302734375
                ],
                [
                    0.0,
                    0.0,
                    0.0,
                    0.9999998807907104
                ]
            ]
        },
        "11": {
            "camera_pose": [
                [
                    -0.7197936773300171,
                    -0.06890596449375153,
                    -0.6907594203948975,
                    3.0508551597595215
                ],
                [
                    -0.0030434003565460443,
                    -0.9947386384010315,
                    0.10240039974451065,
                    0.07112180441617966
                ],
                [
                    -0.6941810250282288,
                    0.07580942660570145,
                    0.7157970070838928,
                    -10.162067413330078
                ],
                [
                    0.0,
                    0.0,
                    0.0,
                    1.0
                ]
            ],
            "corner_pixels": [
                [
                    1122.8523440731167,
                    947.3121340293627,
                    944.5842843650878,
                    1125.2812723968898
                ],
                [
                    729.1080690097671,
                    688.585492189238,
                    1056.8046406168235,
                    1040.3903509892693
                ]
            ],
            "tag_pose": [
                [
                    -0.4670157730579376,
                    -0.003043567528948188,
                    0.8842443227767944,
                    0.05608740821480751
                ],
                [
                    -0.09196198731660843,
                    0.9947386384010315,
                    -0.04514604061841965,
                    0.03458798676729202
                ],
                [
                    -0.8794543743133545,
                    -0.10240069031715393,
                    -0.46483850479125977,
                    0.5449399948120117
                ],
                [
                    0.0,
                    0.0,
                    0.0,
                    1.0
                ]
            ]
        },
        "50": {
            "camera_pose": [
                [
                    -0.6202746629714966,
                    -0.07096216827630997,
                    -0.7811680436134338,
                    0.9513519406318665
                ],
                [
                    0.003837808733806014,
                    -0.9961620569229126,
                    0.08744510263204575,
                    -0.02844272553920746
                ],
                [
                    -0.7843751311302185,
                    0.051242001354694366,
                    0.6181663274765015,
                    -10.685962677001953
                ],
                [
                    0.0,
                    0.0,
                    0.0,
                    1.0
                ]
            ],
            "corner_pixels": [
                [
                    1122.8523440731167,
                    947.3121340293627,
                    944.5842843650878,
                    1125.2812723968898
                ],
                [
                    729.1080690097671,
                    688.585492189238,
                    1056.8046406168235,
                    1040.3903509892693
                ]
            ],
            "tag_pose": [
                [
                    -0.635200560092926,
                    0.003837666939944029,
                    0.7723371982574463,
                    -0.02283584699034691
                ],
                [
                    -0.06510971486568451,
                    0.9961618185043335,
                    -0.05849860981106758,
                    0.06517279148101807
                ],
                [
                    -0.7695974707603455,
                    -0.08744507282972336,
                    -0.6325126886367798,
                    0.6992778778076172
                ],
                [
                    0.0,
                    0.0,
                    0.0,
                    1.0
                ]
            ]
        }
    },
    "305": {
        "1": {
            "camera_pose": [
                [
                    0.5209331512451172,
                    0.09442251920700073,
                    0.8483588695526123,
                    1.375890851020813
                ],
                [
                    0.035079870373010635,
                    -0.9953916072845459,
                    0.08924656361341476,
                    0.053165242075920105
                ],
                [
                    0.8528761267662048,
                    -0.016731178387999535,
                    -0.5218448638916016,
                    -10.13435173034668
                ],
                [
                    0.0,
                    0.0,
                    0.0,
                    1.0
                ]
            ],
            "corner_pixels": [
                [
                    1039.9369662361494,
                    854.8960748808685,
                    863.9267091535874,
                    1050.5879515913173
                ],
                [
                    783.2014659694692,
                    779.0829786380251,
                    1084.502039613322,
                    1050.2578920436877
                ]
            ],
            "tag_pose": [
                [
                    -0.6556858420372009,
                    0.03507987782359123,
                    0.7542187571525574,
                    0.0021742309909313917
                ],
                [
                    -0.04447077959775925,
                    0.9953916668891907,
                    -0.08495822548866272,
                    0.11000323295593262
                ],
                [
                    -0.7537233233451843,
                    -0.08924657106399536,
                    -0.6511040925979614,
                    0.860145092010498
                ],
                [
                    0.0,
                    0.0,
                    0.0,
                    1.0
                ]
            ]
        },
        "12": {
            "camera_pose": [
                [
                    0.6376268863677979,
                    0.015352588146924973,
                    0.7701920866966248,
                    1.1220653057098389
                ],
                [
                    -0.01417217031121254,
                    -0.9993984699249268,
                    0.031654320657253265,
                    0.04311501607298851
                ],
                [
                    0.7702147364616394,
                    -0.031098945066332817,
                    -0.637025773525238,
                    -10.149375915527344
                ],
                [
                    0.0,
                    0.0,
                    0.0,
                    1.0
                ]
            ],
            "corner_pixels": [
                [
                    1039.9369662361494,
                    854.8960748808685,
                    863.9267091535874,
                    1050.5879515913173
                ],
                [
                    783.2014659694692,
                    779.0829786380251,
                    1084.502039613322,
                    1050.2578920436877
                ]
            ],
            "tag_pose": [
                [
                    -0.4958629310131073,
                    -0.014170722104609013,
                    0.8682857155799866,
                    0.06430329382419586
                ],
                [
                    -0.03451402112841606,
                    0.9993985295295715,
                    -0.003399820765480399,
                    0.06428780406713486
                ],
                [
                    -0.8677151799201965,
                    -0.03165385499596596,
                    -0.4960537254810333,
                    0.6362566947937012
                ],
                [
                    0.0,
                    0.0,
                    0.0,
                    1.0000001192092896
                ]
            ]
        },
        "49": {
            "camera_pose": [
                [
                    0.6728154420852661,
                    0.02494773082435131,
                    0.7393893003463745,
                    -0.23343536257743835
                ],
                [
                    -0.0035020625218749046,
                    -0.999312698841095,
                    0.03690453991293907,
                    0.029254663735628128
                ],
                [
                    0.739801824092865,
                    -0.027419334277510643,
                    -0.6722657084465027,
                    -10.587093353271484
                ],
                [
                    0.0,
                    0.0,
                    0.0,
                    1.0
                ]
            ],
            "corner_pixels": [
                [
                    1039.9369662361494,
                    854.8960748808685,
                    863.9267091535874,
                    1050.5879515913173
                ],
                [
                    783.2014659694692,
                    779.0829786380251,
                    1084.502039613322,
                    1050.2578920436877
                ]
            ],
            "tag_pose": [
                [
                    -0.5790992975234985,
                    -0.003502265317365527,
                    0.815250039100647,
