{
    "302": {
        "0": {
            "camera_pose": [
                [
                    -0.0985541045665741,
                    0.4926322102546692,
                    -0.8646389842033386,
                    -0.016786150634288788
                ],
                [
                    -0.9942400455474854,
                    -0.011972378008067608,
                    0.10650511085987091,
                    -0.02453107014298439
                ],
                [
                    0.042116060853004456,
                    0.8701552152633667,
                    0.49097463488578796,
                    -0.046704139560461044
                ],
                [
                    0.0,
                    0.0,
                    0.0,
                    1.0
                ]
            ],
            "corner_pixels": [
                [
                    947.2095805306399,
                    945.1204281116449,
                    549.1291957900447,
                    557.4355411665592
                ],
                [
                    843.9047648533744,
                    458.8199060261673,
                    456.7671251172436,
                    851.9205649218035
                ]
            ],
            "tag_pose": [
                [
                    -0.0052045234479010105,
                    -0.9942400455474854,
                    0.10704957693815231,
                    -0.07778289169073105
                ],
                [
                    -0.9979618787765503,
                    0.011972220614552498,
                    0.06267508864402771,
                    -0.02418646775186062
                ],
                [
                    -0.063595712184906,
                    -0.10650525242090225,
                    -0.9922760128974915,
                    0.6243917942047119
                ],
                [
                    0.0,
                    0.0,
                    0.0,
                    0.9999999403953552
                ]
            ]
        },
        "1": {
            "camera_pose": [
                [
                    -0.10075902193784714,
                    0.4940251111984253,
                    -0.8635894060134888,
                    -0.013647777959704399
                ],
                [
                    -0.9939528703689575,
                    -0.011903241276741028,
                    0.10915978252887726,
                    -0.023646317422389984
                ],
                [
                    0.04364815726876259,
                    0.8693660497665405,
                    0.4922370910644531,
                    -0.0500185526907444
                ],
                [
                    0.0,
                    0.0,
                    0.0,
                    1.0
                ]
            ],
            "corner_pixels": [
                [
                    947.2095805306399,
                    945.1204281116449,
                    549.1291957900447,
                    557.4355411665592
                ],
                [
                    843.9047648533744,
                    458.8199060261673,
                    456.7671251172436,
                    851.9205649218035
                ]
            ],
            "tag_pose": [
                [
                    -0.004685301799327135,
                    -0.9939530491828918,
                    0.10970699042081833,
                    -0.07757635414600372
                ],
                [
                    -0.9977992177009583,
                    0.011903089471161366,
                    0.06522936373949051,
                    -0.025621285662055016
                ],
                [
                    -0.0661407858133316,
                    -0.10915994644165039,
                    -0.9918211698532104,
                    0.6197853684425354
                ],
                [
                    0.0,
                    0.0,
                    0.0,
                    1.0
                ]
            ]
        },
        "5": {
            "camera_pose": [
                [
                    -0.08926709741353989,
                    0.45430970191955566,
                    -0.8863599300384521,
                    -0.101563461124897
                ],
                [
                    -0.9957958459854126,
                    -0.02235756441950798,
                    0.08882910013198853,
                    -0.0005915500223636627
                ],
                [
                    0.020539073273539543,
                    0.8905631303787231,
                    0.4543955326080322,
                    -0.028960689902305603
                ],
                [
                    0.0,
                    0.0,
                    0.0,
                    1.0
                ]
            ],
            "corner_pixels": [
                [
                    947.2095805306399,
                    945.1204281116449,
                    549.1291957900447,
                    557.4355411665592
                ],
                [
                    843.9047648533744,
                    458.8199060261673,
                    456.7671251172436,
                    851.9205649218035
                ]
            ],
            "tag_pose": [
                [
                    -0.019645288586616516,
                    -0.9957959651947021,
                    0.08946815133094788,
                    -0.05218392610549927
                ],
                [
                    -0.9993172883987427,
                    0.022357381880283356,
                    0.029412830248475075,
                    -0.02094127982854843
                ],
                [
                    -0.03128945454955101,
                    -0.08882924914360046,
                    -0.9955553412437439,
                    0.7159724235534668
                ],
                [
                    0.0,
                    0.0,
                    0.0,
                    0.9999999403953552
                ]
            ]
        },
        "6": {
            "camera_pose": [
                [
                    -0.08356998860836029,
                    0.4483594596385956,
                    -0.8899380564689636,
                    -0.10401421040296555
                ],
                [
                    -0.9963386058807373,
                    -0.02143065258860588,
                    0.08276461809873581,
                    0.0008710622787475586
                ],
                [
                    0.01803634688258171,
                    0.893596351146698,
                    0.4485088288784027,
                    -0.026670588180422783
                ],
                [
                    0.0,
                    0.0,
                    0.0,
                    1.0
                ]
            ],
            "corner_pixels": [
                [
                    947.2095805306399,
                    945.1204281116449,
                    549.1291957900447,
                    557.4355411665592
                ],
                [
                    843.9047648533744,
                    458.8199060261673,
                    456.7671251172436,
                    851.9205649218035
                ]
            ],
            "tag_pose": [
                [
                    -0.019300412386655807,
                    -0.9963387250900269,
                    0.08328723907470703,
                    -0.04645881429314613
                ],
                [
                    -0.9994636178016663,
                    0.02143045701086521,
                    0.02475685626268387,
                    -0.014910705387592316
                ],
                [
                    -0.02645110711455345,
                    -0.08276476711034775,
                    -0.9962179064750671,
                    0.7204344868659973
                ],
                [
                    0.0,
                    0.0,
                    0.0,
                    0.9999999403953552
                ]
            ]
        }
    },
    "303": {
        "4": {
            "camera_pose": [
                [
                    0.1819690465927124,
                    -0.35497960448265076,
                    0.916993260383606,
                    -2.1554081439971924
                ],
                [
                    -0.9822070002555847,
                    -0.021576063707470894,
                    0.18655776977539062,
                    -0.15247388184070587
                ],
                [
                    -0.04643908515572548,
                    -0.9346250295639038,
                    -0.3525896370410919,
                    0.8661581873893738
                ],
                [
                    0.0,
                    0.0,
                    0.0,
                    0.9999999403953552
                ]
            ],
            "corner_pixels": [
                [
                    823.9680343785468,
                    816.7782757806959,
                    487.95605747795975,
                    494.9755235899469
                ],
                [
                    876.6520710062074,
                    559.4516862713431,
                    560.4493825640601,
                    890.0182656516786
                ]
            ],
            "tag_pose": [
                [
                    -0.02320575714111328,
                    -0.9822070598602295,
                    0.18636204302310944,
                    -0.13760215044021606
                ],
                [
                    -0.9997086524963379,
                    0.02157585509121418,
                    -0.010769709013402462,
                    0.0023909935262054205
                ],
                [
                    0.006557186134159565,
                    -0.1865578442811966,
                    -0.9824216365814209,
                    0.7419905662536621
                ],
                [
                    0.0,
                    0.0,
                    0.0,
                    1.0
                ]
            ]
        },
        "9": {
            "camera_pose": [
                [
                    0.19329233467578888,
                    -0.3606070578098297,
                    0.9124694466590881,
                    -2.132701873779297
                ],
                [
                    -0.9770647883415222,
                    0.013940848410129547,
                    0.21248528361320496,
                    -0.22227843105793
                ],
                [
                    -0.08934427052736282,
                    -0.9326136708259583,
                    -0.3496417701244354,
                    0.9001210927963257
                ],
                [
                    0.0,
                    0.0,
                    0.0,
                    0.9999999403953552
                ]
            ],
            "corner_pixels": [
                [
                    823.9680343785468,
                    816.7782757806959,
                    487.95605747795975,
                    494.9755235899469
                ],
                [
                    876.6520710062074,
                    559.4516862713431,
                    560.4493825640601,
                    890.0182656516786
                ]
            ],
            "tag_pose": [
                [
                    0.012279869057238102,
                    -0.977064847946167,
                    0.21258731186389923,
                    -0.1534755527973175
                ],
                [
                    -0.9998819828033447,
                    -0.013941517099738121,
                    -0.0063189296051859856,
                    0.0027313893660902977
                ],
                [
                    0.009137824177742004,
                    -0.2124849408864975,
                    -0.9771208763122559,
                    0.7517378330230713
                ],
                [
                    0.0,
                    0.0,
                    0.0,
                    1.0
                ]
            ]
        }
    },
    "304": {
        "2": {
            "camera_pose": [
                [
                    -0.14124129712581635,
                    0.2777704894542694,
                    -0.950207531452179,
                    1.3229535818099976
                ],
                [
                    -0.9883257150650024,
                    0.015819579362869263,
                    0.15153180062770844,
                    -0.0611923411488533
                ],
                [
                    0.05712293088436127,
                    0.9605172276496887,
                    0.2722933292388916,
                    3.135847330093384
                ],
                [
                    0.0,
                    0.0,
                    0.0,
                    0.9999999403953552
                ]
            ],
            "corner_pixels": [
                [
                    956.0863256641834,
                    962.306842688466,
                    464.35371116551516,
                    454.72481375676693
                ],
                [
                    989.9423858461943,
                    507.0416256942834,
                    489.0954601114053,
                    995.0264593480778
                ]
            ],
            "tag_pose": [
                [
                    0.012974245473742485,
                    -0.9883257746696472,
                    0.15180231630802155,
                    -0.07277770340442657
                ],
                [
                    -0.9997206926345825,
                    -0.015819942578673363,
                    -0.01755332387983799,
                    0.008697021752595901
                ],
                [
                    0.019749918952584267,
                    -0.1515321582555771,
                    -0.988254964351654,
                    0.4936344623565674
                ],
                [
                    0.0,
                    0.0,
                    0.0,
                    1.0
                ]
            ]
        },
        "7": {
            "camera_pose": [
                [
                    -0.17773237824440002,
                    0.2446398138999939,
                    -0.9531853795051575,
                    1.2135528326034546
                ],
                [
                    -0.9828330874443054,
                    0.004594029858708382,
                    0.18443961441516876,
                    -0.05982246249914169
                ],
                [
                    0.0495002418756485,
                    0.9696031212806702,
                    0.23962359130382538,
                    3.197162628173828
                ],
                [
                    0.0,
                    0.0,
                    0.0,
                    1.0
                ]
            ],
            "corner_pixels": [
                [
                    956.0863256641834,
                    962.306842688466,
                    464.35371116551516,
                    454.72481375676693
                ],
                [
                    989.9423858461943,
                    507.0416256942834,
                    489.0954601114053,
                    995.0264593480778
                ]
            ],
            "tag_pose": [
                [
                    -0.004082017578184605,
                    -0.9828327298164368,
                    0.1844535768032074,
                    -0.11025431752204895
                ],
                [
                    -0.9989033341407776,
                    -0.0045958589762449265,
                    -0.046594344079494476,
                    0.04359196126461029
                ],
                [
                    0.04664221778512001,
                    -0.184441477060318,
                    -0.9817362427711487,
                    0.6096988916397095
                ],
                [
                    0.0,
                    0.0,
                    0.0,
                    0.9999999403953552
                ]
            ]
        }
    },
    "305": {
        "3": {
            "camera_pose": [
                [
                    0.11669626832008362,
                    -0.33026131987571716,
                    0.9366480708122253,
                    0.7570286989212036
                ],
                [
                    -0.9925771951675415,
                    -0.006266559939831495,
                    0.1214548721909523,
                    0.036680083721876144
                ],
                [
                    -0.03424227982759476,
                    -0.9438687562942505,
                    -0.3285411596298218,
                    5.06212854385376
                ],
                [
                    0.0,
                    0.0,
                    0.0,
                    1.0
                ]
            ],
            "corner_pixels": [
                [
                    1008.6895804110522,
                    1006.5906464262027,
                    534.8592139228758,
                    538.5935479620172
                ],
                [
                    947.2834170716303,
                    487.4901472844359,
                    482.1850358462814,
                    958.6062534298266
                ]
            ],
            "tag_pose": [
                [
                    -0.004952722694724798,
                    -0.9925771355628967,
                    0.12151560932397842,
                    -0.05697481706738472
                ],
                [
                    -0.9999256134033203,
                    0.006266390439122915,
                    0.010430952534079552,
                    0.0009345922153443098
                ],
                [
                    -0.01111498475074768,
                    -0.12145497649908066,
                    -0.992534339427948,
                    0.519409716129303
                ],
                [
                    0.0,
                    0.0,
                    0.0,
                    1.0
                ]
            ]
        },
        "8": {
            "camera_pose": [
                [
                    0.11186936497688293,
                    -0.3219234347343445,
                    0.9401331543922424,
                    0.728183388710022
                ],
                [
                    -0.9930493831634521,
                    -0.0013899941695854068,
                    0.1176900640130043,
                    -0.059796348214149475
                ],
                [
                    -0.0365804061293602,
                    -0.9467646479606628,
                    -0.3198413550853729,
                    5.103696823120117
                ],
                [
                    0.0,
                    0.0,
                    0.0,
                    1.0
                ]
            ],
            "corner_pixels": [
                [
                    1008.6895804110522,
                    1006.5906464262027,
                    534.8592139228758,
                    538.5935479620172
                ],
                [
                    947.2834170716303,
                    487.4901472844359,
                    482.1850358462814,
                    958.6062534298266
                ]
            ],
            "tag_pose": [
                [
                    -0.0008003601687960327,
                    -0.9930493831634521,
                    0.11769554764032364,
                    -0.060811348259449005
                ],
                [
                    -0.999986469745636,
                    0.0013897160533815622,
                    0.004925491753965616,
                    0.007331361994147301
                ],
                [
                    -0.0050547681748867035,
                    -0.11769010126590729,
                    -0.9930371642112732,
                    0.5058256387710571
                ],
                [
                    0.0,
                    0.0,
                    0.0,
                    0.9999998807907104
                ]
            ]
        }
    }
}