{"map_id":"113400952455525-Test","tag_data":[[6,-0.0188334179,-0.13822391310000001,-0.99022192070000004,1.4881619020000001,-0.9691236177,-0.2410137171,0.052074962299999999,-0.77458997439999999,-0.24585507100000001,0.96062819970000002,-0.12941694670000001,3.4083210340000001,0,0,0,1,1133875.929152458,24],[6,-0.022988933459999999,-0.19617072629999999,-0.98030023720000004,1.2673790979999999,-0.96948132040000001,-0.235028652,0.069767485830000003,-0.70785192809999997,-0.2440849816,0.95198664850000003,-0.1847807967,3.3043033020000001,0,0,0,1,1133876.1292736251,26],[6,-0.0058107065850000004,-0.25031456839999999,-0.96814712339999998,1.0506338180000001,-0.97115420770000005,-0.22938356230000001,0.065135905509999995,-0.64734806239999998,-0.238381502,0.9405986382,-0.24176116580000001,3.1277413159999998,0,0,0,1,1133876.3293950411,28],[6,-0.015723433990000001,-0.34357678590000001,-0.93899295299999996,0.83379063220000005,-0.97511758319999997,-0.20242175970000001,0.090394304120000005,-0.55766243810000005,-0.2211299904,0.91704984779999998,-0.33184499989999999,3.0106668640000001,0,0,0,1,1133876.5295161661,30],[6,-0.01056791401,-0.38491336850000002,-0.92289220279999995,0.66253025320000003,-0.97510409659999997,-0.20047252970000001,0.094777453610000006,-0.50965516590000004,-0.2214956434,0.90091756759999997,-0.37321202599999997,2.8024352549999998,0,0,0,1,1133876.7296373751,32],[6,-0.017227515209999999,-0.42479127059999999,-0.90512738829999995,0.5521638311,-0.97940205820000004,-0.17498131380000001,0.1007628315,-0.41894922080000002,-0.2011835508,0.88821952029999995,-0.41302695150000002,2.5951407620000002,0,0,0,1,1133876.9297585411,34],[6,-0.019587643219999999,-0.45423577799999998,-0.89066614519999998,0.47203970620000002,-0.98087203410000001,-0.16382705929999999,0.10512253520000001,-0.34187493270000002,-0.1936656319,0.87568861629999994,-0.44233818549999998,2.3864266239999998,0,0,0,1,1133877.1298797079,36],[6,-0.042790354709999999,-0.49256222030000002,-0.8692246227,0.36976995280000002,-0.97731918780000004,-0.15997422929999999,0.1387640124,-0.32094027980000001,-0.2074034491,0.85544766360000002,-0.4745451551,2.1788539280000001,0,0,0,1,1133877.3300010001,38],[6,-0.019750377770000001,-0.53436640530000001,-0.8450221698,0.28913316259999999,-0.98231653969999999,-0.14701886880000001,0.1159295823,-0.25141447839999997,-0.1861830776,0.83236890689999998,-0.52201327990000002,1.9852700029999999,0,0,0,1,1133877.530122166,40],[6,-0.025361879140000002,-0.57960794390000003,-0.81450070990000001,0.22621956160000001,-0.98060889419999997,-0.14395715440000001,0.13297569079999999,-0.2043781653,-0.1943269712,0.80207915389999995,-0.56471768089999996,1.783147145,0,0,0,1,1133877.7302433329,42],[6,-0.025963103250000001,-0.63455890429999995,-0.77243829149999998,0.12664633559999999,-0.98346103439999999,-0.1223388518,0.13355747539999999,-0.1149863785,-0.179249299,0.76313052770000001,-0.62088766019999997,1.620930634,0,0,0,1,1133877.9303645,44],[6,-0.039385878079999999,-0.6551494994,-0.75447192529999996,0.1186667565,-0.98219737699999998,-0.11341044209999999,0.1497544133,-0.103553055,-0.18367652349999999,0.74693855509999996,-0.63901934999999999,1.4208676899999999,0,0,0,1,1133878.130485666,46],[6,-0.018772106890000001,-0.72009622080000002,-0.69362024249999998,0.047085308520000001,-0.98439458359999998,-0.1080948664,0.1388625349,-0.047502329699999998,-0.17497117400000001,0.68540275220000002,-0.70682965099999995,1.2621490550000001,0,0,0,1,1133878.3306070829,48],[6,-0.020006467239999999,-0.74227447479999997,-0.66979724200000001,0.074822973910000007,-0.97990553920000001,-0.1184209537,0.16050424299999999,-0.04742268048,-0.19845623079999999,0.65954915039999995,-0.72498968450000001,1.1093715740000001,0,0,0,1,1133878.5307280831,50],[6,-0.01613190636,-0.7949703239,-0.60643379340000003,0.083768430369999994,-0.97761484350000005,-0.1147121466,0.17638123829999999,-0.050745427279999998,-0.20978317229999999,0.59570404359999996,-0.77532426310000002,0.98848873250000002,0,0,0,1,1133878.730849416,52],[6,-0.015217958340000001,-0.84227821550000004,-0.53882819299999996,0.1002857932,-0.97891103950000002,-0.097244830589999998,0.17965695009999999,-0.011204678290000001,-0.2037193917,0.53019887840000002,-0.82303557559999996,0.8966468568,0,0,0,1,1133878.9309705831,54],[6,-0.0086694530419999995,-0.85434951999999997,-0.51962653729999997,0.1719563533,-0.98291021909999998,-0.088276087660000002,0.16153895360000001,0.036573855230000001,-0.18388132530000001,0.51214668799999996,-0.8389835685,0.79257285219999996,0,0,0,1,1133879.13109175,56],[13,0.030130775049999999,-0.85533505990000003,-0.51719829049999999,0.1247492058,-0.96503053459999999,-0.1596941372,0.20787941190000001,0.028720101750000001,-0.26040008399999998,0.4928485749,-0.83023615819999996,0.6699694933,0,0,0,1,1133895.4242924161,219],[13,0.024900071740000002,-0.91237524569999995,-0.40859686420000002,0.045049513309999997,-0.97206512850000004,-0.1175175332,0.20317237860000001,0.073179261529999998,-0.23338674440000001,0.39212375649999998,-0.88981435539999998,0.66916838030000003,0,0,0,1,1133895.6244137499,221],[13,0.0098130330209999991,-0.95009855070000004,-0.31179552319999998,-0.0083877071099999999,-0.97040987190000005,-0.084280663749999998,0.22627737449999999,0.074198013130000004,-0.24126413920000001,0.30034898640000002,-0.92281206189999998,0.65061357340000003,0,0,0,1,1133895.8245349999,223],[13,-0.01797173401,-0.97550094659999997,-0.2192599368,-0.0426823645,-0.96197404419999999,-0.042908140579999997,0.26974956880000001,0.054818393149999999,-0.27254899589999998,0.2157702356,-0.93763545699999995,0.62039489739999998,0,0,0,1,1133896.0246561661,225],[13,0.0015145457619999999,-0.98833725149999996,-0.15227338409999999,-0.049204105560000003,-0.94802617369999997,-0.049870875330000002,0.3142598761,0.026173582769999999,-0.3181887491,0.1438831928,-0.93704511459999995,0.59571028049999997,0,0,0,1,1133896.2247772911,227],[13,0.0097284372749999997,-0.99885630800000003,-0.046812750110000002,-0.054373229859999997,-0.95627143859999997,-0.022978809610000001,0.29157659380000001,0.035902264339999997,-0.29231882129999998,0.04192911128,-0.95540130649999999,0.59809300200000004,0,0,0,1,1133896.424898416,229],[13,0.0064332996930000002,-0.99746160650000004,0.070915134000000005,-0.044103946300000002,-0.96072121860000004,0.013510386229999999,0.27718623609999998,0.033495208780000001,-0.27744071920000002,-0.069912896079999995,-0.95819561379999996,0.6300801198,0,0,0,1,1133896.6250197501,231],[13,0.01585379336,-0.98684926829999997,0.16086385189999999,-0.031935215959999999,-0.96052873510000003,0.029656190780000001,0.27659547950000002,0.02178835028,-0.27772865569999999,-0.15889943979999999,-0.94742691639999999,0.68188809039999998,0,0,0,1,1133896.8251410001,233],[13,0.026899750350000001,-0.96812138459999997,0.24903290559999999,-0.030720679979999999,-0.95901571969999999,0.045303371670000002,0.27970780080000002,0.0072889569779999996,-0.28207313369999998,-0.2463505412,-0.92722497709999996,0.71171654870000001,0,0,0,1,1133897.025262166,235],[13,0.043902573870000003,-0.95006319049999999,0.30895387689999998,-0.0047677993650000004,-0.96445398999999998,0.040356882589999997,0.26115095869999999,-0.0020335461510000001,-0.2605783284,-0.30943699860000001,-0.91452046379999996,0.72456408750000001,0,0,0,1,1133897.2253833751,237],[13,0.035362732270000002,-0.92416201080000004,0.3803604277,-0.0072766349400000003,-0.9556893394,0.080025871220000003,0.28329092210000001,-0.035274078729999998,-0.29224538290000002,-0.37352434690000003,-0.88038184809999998,0.73163823729999999,0,0,0,1,1133897.4255045,239],[13,0.025676750880000002,-0.87682734750000002,0.4801192635,-0.024884573390000001,-0.94796129709999999,0.13110910370000001,0.29013752279999999,-0.064376955829999999,-0.31734852079999998,-0.46258426860000001,-0.82783193389999998,0.75287795749999997,0,0,0,1,1133897.625625666,241],[13,0.040040394440000002,-0.81215078799999996,0.58207204400000001,-0.057367794290000003,-0.95924387369999997,0.13183993469999999,0.24993883729999999,-0.047457501890000003,-0.2797283639,-0.56835669190000004,-0.7737717449,0.82183864910000004,0,0,0,1,1133897.825746916,243],[13,0.01162150247,-0.70046332560000002,0.7135937711,-0.18152859160000001,-0.96167559199999997,0.18768120629999999,0.19988952109999999,-0.07548668503,-0.27394341849999998,-0.68856872879999997,-0.67143734570000002,0.90677013169999998,0,0,0,1,1133898.025868125,245],[22,0.027064748020000001,0.75049944459999995,-0.66031665360000003,-1.1646885600000001,0.94580920710000005,0.19460505819999999,0.25994963939999999,-0.27222875029999999,0.32359302080000002,-0.63156904209999998,-0.70456234780000004,3.2809555640000001,0,0,0,1,1133912.2344731251,387],[22,0.020402590210000002,0.75877196790000001,-0.65103673870000001,-1.0192019450000001,0.94572425360000001,0.19659132369999999,0.25876144919999999,-0.242194513,0.32432910819999999,-0.6209806376,-0.71357808079999996,3.1028825269999998,0,0,0,1,1133912.434594291,389],[22,0.044582580029999999,0.77598864909999998,-0.62916930159999995,-0.90448099749999999,0.93862595530000004,0.1830948423,0.2923313099,-0.18815731229999999,0.34204343230000001,-0.6035875208,-0.72020024660000004,2.911979836,0,0,0,1,1133912.6347154579,391],[22,0.04671531801,0.74188697780000001,-0.66889565039999999,-0.50051505139999997,0.92955922369999999,0.2128642587,0.30101238689999998,-0.17010862660000001,0.36570114679999999,-0.63584001089999997,-0.67968386160000005,2.5510606330000001,0,0,0,1,1133913.0349580001,395],[22,0.064174075780000006,0.7458765007,-0.66298562100000002,-0.33617821060000003,0.90928739069999998,0.23003726760000001,0.3468130573,-0.1902009768,0.4111911103,-0.62510087280000004,-0.66345366809999995,2.3235832200000002,0,0,0,1,1133913.235079125,397],[22,0.034257683949999999,0.7721061642,-0.63456952519999998,-0.30119206939999998,0.92167278379999995,0.22111183230000001,0.31879278090000002,-0.087807061189999994,0.38645270170000001,-0.5957865631,-0.70405445850000004,2.088927548,0,0,0,1,1133913.435200375,399],[22,0.02307338439,0.8087563727,-0.58769103150000002,-0.27174074710000001,0.91890498369999996,0.21440151499999999,0.33112780200000003,-0.052289271620000001,0.39380356760000002,-0.54767245679999998,-0.73822329289999999,1.9086889760000001,0,0,0,1,1133913.6353215829,401],[22,-0.010435618440000001,0.82217823369999998,-0.56913447439999998,-0.19587812730000001,0.9090349163,0.2449214505,0.33714834129999999,-0.05900740292,0.41658926870000001,-0.51384475780000005,-0.7499446286,1.7562209559999999,0,0,0,1,1133913.835442625,403],[22,-0.01173425971,0.84196809179999998,-0.53939970290000006,-0.080442896920000007,0.92115545330000004,0.21896719610000001,0.32175456159999999,0.02474932476,0.38901791470000002,-0.49309542629999997,-0.77815291720000002,1.672098147,0,0,0,1,1133914.035564041,405],[22,-0.065091474440000005,0.87323298599999999,-0.48293607459999999,-0.039282671030000001,0.90558161469999998,0.25497526999999998,0.33898311279999999,0.041811362239999997,0.41914799180000001,-0.41527311960000002,-0.80738045380000001,1.524953574,0,0,0,1,1133914.235685166,407],[22,-0.1055747589,0.89233550110000004,-0.4388522802,0.015473643319999999,0.91678485990000003,0.25828214719999998,0.30462411769999997,0.10878566670000001,0.38517462390000001,-0.37017250839999999,-0.84534775269999995,1.439798318,0,0,0,1,1133914.4358062909,409],[22,-0.086265086130000002,0.92473160160000001,-0.37071525440000003,0.1256746967,0.92023444889999995,0.21653794570000001,0.32600594649999998,0.1573217858,0.38174192070000001,-0.31302201670000002,-0.86964954029999997,1.3841935409999999,0,0,0,1,1133914.6359275831,411],[22,-0.067398990660000005,0.93517160030000002,-0.34772324360000001,0.30926765750000001,0.93144638219999998,0.183883662,0.31399750939999999,0.1535916017,0.35758217669999998,-0.30272244199999998,-0.883455777,1.3910886339999999,0,0,0,1,1133914.8360486249,413],[18,0.2252411591,-0.03058293581,0.97382293269999998,-1.7957789340000001,-0.26938806160000001,-0.9624972087,0.032081077409999999,-0.86219426239999997,0.93632072099999997,-0.26956225119999999,-0.2250326647,4.1702733140000001,0,0,0,1,1133938.4169965,649],[18,0.2849921507,-0.017330510590000001,0.95837316709999998,-1.5434796180000001,-0.23393512320000001,-0.9708601375,0.052009148089999999,-0.71352252949999995,0.92954495969999995,-0.23901934380000001,-0.2807417338,4.0450757519999998,0,0,0,1,1133938.617117625,651],[18,0.3656895718,-0.03406650487,0.9301132245,-1.1942479029999999,-0.23136864839999999,-0.97128795349999997,0.055391875729999998,-0.67053850780000002,0.90152076270000003,-0.23545527090000001,-0.36307179699999997,3.9254582309999999,0,0,0,1,1133938.8172387499,653],[18,0.44420385140000002,-0.061506655729999998,0.89381198790000005,-0.87354903179999999,-0.2294726366,-0.97217271500000002,0.047143624219999999,-0.60424263810000001,0.86603998029999996,-0.2260467729,-0.44595695870000002,3.7836171279999999,0,0,0,1,1133939.017360125,655],[18,0.52312579749999999,-0.043398451900000003,0.85114979550000003,-0.60014895040000005,-0.1940344681,-0.97853950199999995,0.069361863960000006,-0.53599453870000002,0.8298734995,-0.20143737819999999,-0.52032005290000005,3.648906314,0,0,0,1,1133939.2174813331,657],[18,0.56458850299999996,-0.02468764561,0.82500323779999996,-0.46856589599999998,-0.1949312362,-0.97526444300000004,0.10421650239999999,-0.54118468909999995,0.80202346319999995,-0.21965834009999999,-0.55543548519999997,3.4391412410000002,0,0,0,1,1133939.4176025831,659],[18,0.63474647829999997,-0.074877635519999999,0.76908403179999996,-0.21756994230000001,-0.2321277625,-0.9678007716,0.097356911909999996,-0.56349366069999995,0.73703026410000005,-0.24032271250000001,-0.63168930950000002,3.2294143260000001,0,0,0,1,1133939.6177236249,661],[18,0.63441763100000004,-0.024938309539999998,0.77258808580000005,-0.32966216869999998,-0.19836456520000001,-0.97126174099999996,0.13153755989999999,-0.53364839929999996,0.74710492490000002,-0.23670384680000001,-0.62113244970000003,3.003918418,0,0,0,1,1133939.8178447911,663],[18,0.67743889329999996,-0.046419948910000002,0.73411288929999996,-0.23298948189999999,-0.19597279079999999,-0.97332561929999994,0.1192975444,-0.41838370079999998,0.70899309669999999,-0.2246829481,-0.66846567729999995,2.8488237590000001,0,0,0,1,1133940.0179659999,665],[18,0.7643068502,-0.015894914739999998,0.64465680049999996,-0.059566642679999997,-0.1142345204,-0.98722251049999998,0.1110954057,-0.2329649003,0.63465385299999999,-0.15855304000000001,-0.75635667529999995,2.4768664629999999,0,0,0,1,1133940.4182084161,669],[18,0.81792052719999997,-0.074213097340000006,0.57052469480000001,-0.032668974869999999,-0.1506874436,-0.98466173710000005,0.087946335020000002,-0.23292092280000001,0.55524706710000005,-0.15790402049999999,-0.81655802909999997,2.2739265849999999,0,0,0,1,1133940.618329708,671],[18,0.85597877759999996,-0.031444524449999997,0.51605384809999999,-0.012114419519999999,-0.13574268070000001,-0.97679995890000004,0.1656374504,-0.14943262839999999,0.49887298679999997,-0.211832675,-0.84038839880000005,1.922661374,0,0,0,1,1133941.0185720411,675],[18,0.86672088049999996,-0.039505533189999997,0.497226536,-0.0089239806489999993,-0.14611807709999999,-0.97323570309999996,0.17737467060000001,-0.16529111469999999,0.4769113364,-0.226388116,-0.84929617810000002,1.7340025130000001,0,0,0,1,1133941.2186932501,677],[18,0.90164931550000005,-0.014058639620000001,0.43223936239999999,0.063225355720000001,-0.12150222989999999,-0.96744980700000005,0.2219866643,-0.12674786660000001,0.41504905720000002,-0.2526721703,-0.87400861230000004,1.502270905,0,0,0,1,1133941.418814583,679],[18,0.94259623049999997,0.01934001795,0.33337412910000003,0.10281568169999999,-0.060145822039999998,-0.97216241619999999,0.2264568757,-0.037563348080000003,0.3284734789,-0.23350845840000001,-0.91519340770000002,1.34516217,0,0,0,1,1133941.6189355829,681],[18,0.94909168160000001,-0.016498279559999999,0.31456761859999999,0.071022014159999994,-0.089266466909999995,-0.97177662369999995,0.21836137829999999,-0.02282730036,0.3020868713,-0.23532530770000001,-0.92377785300000004,1.216578897,0,0,0,1,1133941.8190568329,683],[18,0.94048019220000001,-0.045012122920000001,0.33685444450000002,0.017077835,-0.13025992250000001,-0.96323568189999997,0.23496675010000001,-0.068450579989999996,0.31389386829999999,-0.26486020809999999,-0.91176735499999995,1.111377096,0,0,0,1,1133942.0191779579,685],[18,0.92677700019999998,-0.083307358770000006,0.36625711719999998,-0.02005786176,-0.17487772930000001,-0.95866414919999998,0.2244567418,-0.052905448479999999,0.33241866930000002,-0.2720715588,-0.90303648609999998,1.0190461049999999,0,0,0,1,1133942.2192993329,687],[18,0.923290426,-0.1008072475,0.37063821720000001,-0.047609025770000001,-0.18530770899999999,-0.96212633079999998,0.19993493100000001,-0.021517875110000001,0.33644589790000001,-0.25328012649999998,-0.90700238990000004,0.9358348581,0,0,0,1,1133942.4194205001,689],[18,0.93819732870000005,-0.080321506429999995,0.3366514934,-0.036904691769999998,-0.16250372630000001,-0.96104377480000003,0.2235786256,-0.02306793084,0.30557865000000001,-0.2644679915,-0.91470124639999995,0.84733039529999998,0,0,0,1,1133942.6195417501,691],[18,0.95235137349999999,-0.051678203159999998,0.3005931214,-0.031874844989999998,-0.13093602939999999,-0.95937782199999999,0.2498998815,-0.0061379726589999998,0.27546799729999999,-0.27735096520000002,-0.92043132530000005,0.76933269910000002,0,0,0,1,1133942.8196628329,693],[18,0.96663694629999997,-0.039910127660000003,0.25302212509999999,-0.022881998550000001,-0.10903381180000001,-0.95793952689999995,0.26544960080000002,-0.0041916548789999999,0.2317857673,-0.28418135830000002,-0.93033129240000001,0.7070098776,0,0,0,1,1133943.019784041,695],[18,0.98155861990000004,-0.053512389360000003,0.18351866350000001,0.00024782670349999999,-0.1107994519,-0.94157314820000004,0.31806208190000002,-0.020750427669999998,0.15577598379999999,-0.33253034549999999,-0.93013838329999998,0.64043672829999998,0,0,0,1,1133943.21990525,697],[18,0.98773699869999998,-0.058515531519999997,0.14474651590000001,-0.0012949994059999999,-0.103011993,-0.94092566129999999,0.32256383750000001,-0.014433943209999999,0.1173207168,-0.33351886390000002,-0.93541489020000002,0.59120387139999997,0,0,0,1,1133943.420026541,699],[18,0.99617213360000001,-0.063545478429999996,0.060025431499999997,-0.0090435251309999992,-0.080475515400000003,-0.93479884629999999,0.34594046950000001,-0.01547657167,0.034128751470000003,-0.34944683310000002,-0.93633441630000003,0.56109847260000001,0,0,0,1,1133943.6201475831,701],[18,0.99694784820000004,-0.056240910810000003,-0.05414746384,-0.034399903269999997,-0.034097990459999998,-0.93759812600000003,0.34604491209999999,-0.01710710918,-0.070230441660000004,-0.34314241080000002,-0.93665413630000005,0.56570563169999999,0,0,0,1,1133943.820268875,703],[18,0.98855863580000003,-0.038875227419999998,-0.14574134729999999,-0.089919736200000003,0.02114885138,-0.92094967910000003,0.38910720209999999,-0.058735685240000002,-0.14934707799999999,-0.38773754700000002,-0.90959059190000002,0.59832846740000001,0,0,0,1,1133944.02039,705],[23,0.04414540216,-0.28830378010000002,0.9565208382,-0.58644125680000003,-0.85450873979999997,0.48512458879999998,0.18565814529999999,-0.16353048610000001,-0.51755772339999995,-0.82555136949999997,-0.22494207969999999,1.9886982289999999,0,0,0,1,1133958.1256325829,846],[23,-0.011154349310000001,-0.36449403809999997,0.93113891370000001,-0.43025882389999998,-0.8443997888,0.50221113910000004,0.18647511489999999,-0.20892747389999999,-0.53559740219999996,-0.78417349349999999,-0.31338052729999999,1.902724646,0,0,0,1,1133958.325628333,848],[23,0.016543007830000001,-0.46830309370000001,0.88341300720000004,-0.30262473969999998,-0.86585759969999998,0.43513263520000001,0.24688095660000001,-0.15149313980000001,-0.50001694559999998,-0.76899401960000002,-0.39828539010000003,1.813661054,0,0,0,1,1133958.5256242501,850],[23,0.013740161969999999,-0.53549623589999995,0.84442583410000005,-0.2173206939,-0.86973693119999995,0.41025389299999998,0.27431626609999998,-0.18483251479999999,-0.49332431370000002,-0.73819748350000003,-0.4601038979,1.7114322310000001,0,0,0,1,1133958.7256199999,852],[23,0.02428792016,-0.5758818389,0.8171720777,-0.1785776446,-0.87666423299999996,0.38060504070000001,0.2942781431,-0.16644212929999999,-0.48048925009999999,-0.72353293679999997,-0.49561090569999999,1.59701285,0,0,0,1,1133958.9256158751,854],[23,0.04298312067,-0.63910646029999996,0.76791626089999998,-0.1052477887,-0.90765029419999999,0.29623424240000001,0.29734864570000002,-0.059587925139999998,-0.41752053220000002,-0.70978039280000005,-0.56735209460000002,1.504738361,0,0,0,1,1133959.125611708,856],[23,0.0087027895549999998,-0.6945705405,0.71937196619999999,-0.018641325850000001,-0.88369906629999995,0.33133120230000002,0.33059884229999997,-0.13721662500000001,-0.46797459499999999,-0.63858546699999996,-0.61090783240000002,1.3853406100000001,0,0,0,1,1133959.325607375,858],[23,0.042739643600000002,-0.75923389549999998,0.64941297710000001,0.019011008360000001,-0.9124970094,0.23502951990000001,0.3348288109,-0.048109127809999999,-0.4068446027,-0.60689786349999997,-0.68275358109999995,1.297610876,0,0,0,1,1133959.5256031251,860],[23,0.037914533690000002,-0.78558352249999996,0.61759292200000004,-0.0028560848500000001,-0.91923663509999998,0.21494910389999999,0.32984980130000002,-0.048968512610000001,-0.39187561399999998,-0.58022014089999996,-0.71398745880000003,1.1999458789999999,0,0,0,1,1133959.7255990829,862],[23,0.033721380830000001,-0.80327261520000004,0.59465618139999998,-0.02384429612,-0.9153128479,0.21410294890000001,0.3411192133,-0.070324130430000006,-0.40132936460000002,-0.55579945389999996,-0.72802589799999995,1.0991322299999999,0,0,0,1,1133959.9255947501,864],[23,0.035104864870000002,-0.83596868000000002,0.54765318819999997,-0.021400605039999999,-0.93369591129999996,0.16795802470000001,0.31623100300000001,-0.033660891290000002,-0.3563419618,-0.52244278919999998,-0.77464439470000002,1.005625429,0,0,0,1,1133960.1255907081,866],[23,0.034357267759999997,-0.86820511639999998,0.49501459980000001,-0.01249242509,-0.92520035430000003,0.15966667940000001,0.34425405710000001,-0.04976723878,-0.3779204712,-0.46981531189999998,-0.79777797049999999,0.91700402000000003,0,0,0,1,1133960.3255864161,868],[23,0.021752057040000002,-0.91604620530000003,0.4004824562,0.014509726339999999,-0.93385439309999996,0.124419761,0.33531432370000003,0.01253313338,-0.35699134519999998,-0.38128607730000003,-0.8527473874,0.86122139600000003,0,0,0,1,1133960.5255822081,870],[23,0.033103987270000003,-0.94943757269999995,0.31220573610000002,0.0010913399909999999,-0.95038957950000003,0.066766124819999995,0.30381232969999999,0.075761081049999998,-0.309295608,-0.30677447769999999,-0.90012535049999998,0.81365124860000004,0,0,0,1,1133960.7255780001,872],[23,0.043143004679999999,-0.97978403219999999,0.1953507904,-0.0013292496689999999,-0.94871527619999996,0.021115127130000001,0.31542586480000001,0.084442641949999994,-0.31317408250000001,-0.19894069859999999,-0.92862510870000003,0.79862832750000001,0,0,0,1,1133960.9255738331,874],[23,0.02821150792,-0.9929621085,0.11502331,0.0043445832270000003,-0.95008739070000003,0.0091309120319999996,0.31185024690000002,0.084918500780000003,-0.31070574639999998,-0.1180799621,-0.94314318200000002,0.81014405489999997,0,0,0,1,1133961.1255695829,876],[23,0.021630726999999999,-0.99761378560000002,0.065565588600000002,0.00014030569560000001,-0.95200682569999995,-0.00052577881649999996,0.30607634249999999,0.082721847409999993,-0.30531150569999999,-0.069039541679999997,-0.94974650630000002,0.81999830480000002,0,0,0,1,1133961.325565458,878],[23,0.008445798119,-0.99967534670000002,0.02403891981,0.0037726935510000001,-0.94124279529999999,0.00016918758489999999,0.33773061989999997,0.04276991468,-0.33762504160000001,-0.02547886471,-0.94093578889999996,0.84371523140000004,0,0,0,1,1133961.52556125,880],[23,-0.005990791558,-0.99960319139999998,-0.02752399359,0.020244541679999999,-0.93749016669999996,-0.0039633168610000002,0.34798919449999999,0.0098096062540000001,-0.34796019569999997,0.027888204069999999,-0.93709441910000002,0.89180364899999998,0,0,0,1,1133961.7255572081,882],[23,-0.01104018524,-0.99793987920000005,-0.063198986570000004,0.03319869214,-0.93280576829999995,-0.01248932017,0.3601630401,-0.0103371243,-0.36021037309999998,0.062928645909999997,-0.93074619130000003,0.96211073920000001,0,0,0,1,1133961.925552916,884],[23,-0.022773397939999999,-0.99228881739999997,-0.12183708510000001,0.043980697839999999,-0.95255148970000003,-0.015462985009999999,0.3039844659,0.031644342659999998,-0.30352435119999999,0.12297885610000001,-0.94485404650000004,1.0239315330000001,0,0,0,1,1133962.1255486661,886],[23,-0.027858239199999999,-0.98378487709999995,-0.17717571560000001,0.039877888309999998,-0.96117077890000002,-0.022317587980000001,0.27505028469999998,0.045776271149999999,-0.27454444509999998,0.17795853719999999,-0.94496354780000003,1.0969791790000001,0,0,0,1,1133962.3255444581,888],[23,-0.024923347549999999,-0.9720022371,-0.2336460524,0.071736899770000001,-0.92910431670000004,-0.063741541509999999,0.36428311060000002,-0.031916894270000003,-0.36897695800000002,0.22616071039999999,-0.90150282169999996,1.1661656199999999,0,0,0,1,1133962.5255402499,890],[23,0.0047583084770000004,-0.92184198049999999,-0.38753673570000002,0.2224745961,-0.95733497229999998,-0.1161772841,0.26459892210000002,-0.087653476490000007,-0.28894135980000002,0.3697434268,-0.88306437419999995,1.251091738,0,0,0,1,1133962.7255360831,892],[19,0.01319195475,0.38120225419999998,0.92439754100000004,-0.31388462630000002,0.9329684667,-0.33727126709999999,0.12576936259999999,-0.84144005160000002,0.35971629449999998,0.8607746127,-0.36009894990000002,2.746631635,0,0,0,1,1133983.9250918331,1104],[19,0.02035308366,0.44045642530000001,0.89754325209999997,-0.2811919101,0.94461313930000002,-0.30258755180000002,0.12707002240000001,-0.47700391260000002,0.32755422309999999,0.84524488220000005,-0.42221951639999999,2.0197324079999999,0,0,0,1,1133984.5250792911,1110],[19,-0.025840873229999999,0.57439391149999997,0.81817106019999997,-0.16866940420000001,0.9628700362,-0.2057092895,0.174828435,-0.2468655897,0.26872577609999998,0.79231011770000004,-0.5477509787,1.79139556,0,0,0,1,1133984.825073,1113],[19,-0.0029427983700000002,0.63857442310000001,0.76955444650000004,-0.1175058098,0.95572506580000005,-0.2246445695,0.19006424199999999,-0.20161126509999999,0.294246391,0.73604179469999997,-0.60964049890000005,1.614334693,0,0,0,1,1133985.0250687499,1115],[19,0.0054678836030000004,0.68762509080000001,0.72604534070000004,-0.09606256597,0.96124543939999996,-0.2037472374,0.1857263271,-0.12606731160000001,0.2756398149,0.69689224260000004,-0.66209054869999995,1.4705174379999999,0,0,0,1,1133985.225064541,1117],[19,0.0069404378479999999,0.75774266909999999,0.65251657279999997,-0.049373339010000003,0.96298498919999997,-0.18090392329999999,0.199834134,-0.054697901010000001,0.26946565820000001,0.62697672839999996,-0.73095036840000005,1.3510557080000001,0,0,0,1,1133985.4250603749,1119],[19,-0.0066455769020000001,0.80999232219999995,0.58640282600000004,-0.052584507789999999,0.9591680641,-0.1606545003,0.2327804896,-0.024653082619999999,0.28275866230000002,0.5640058241,-0.77585112570000003,1.245029406,0,0,0,1,1133985.625056125,1121],[19,0.0049237143949999998,0.88297874220000006,0.46938715130000003,0.01484124104,0.95974197809999995,-0.1359984856,0.24576360059999999,-0.0038409878059999999,0.28083997669999999,0.44928048329999998,-0.84810138239999999,1.162009713,0,0,0,1,1133985.825051958,1123],[19,0.001802102446,0.94491141810000001,0.32732119450000002,0.055473740190000002,0.95511665779999999,-0.098587258339999997,0.27934337749999999,0.002623145306,0.29622444619999999,0.31212651990000001,-0.90267829990000004,1.1155925799999999,0,0,0,1,1133986.02504775,1125],[19,0.01562079574,0.97968551969999995,0.1999306713,0.018753249310000001,0.94472549380000004,-0.079952390200000001,0.31796439520000003,-0.012027285949999999,0.32749004869999998,0.18391274530000001,-0.92678280629999998,1.075095487,0,0,0,1,1133986.3250415409,1128],[19,0.02980315779,0.99363381660000005,0.1086444215,-0.0024004640869999998,0.94062232079999997,-0.064649941210000006,0.33324170619999999,-0.027306747280000002,0.33814408379999999,0.09226171272,-0.93656091900000005,1.023112671,0,0,0,1,1133986.525037291,1130],[6,0.02332914031,-0.25442995639999999,-0.96680977889999997,1.254112195,-0.9453434248,-0.32023145619999999,0.061462375880000003,-1.394360636,-0.32524077299999998,0.91253340309999997,-0.24799441089999999,4.4437135120000004,0,0,0,1,1134003.4246832081,1299],[6,0.01104327647,-0.22817095579999999,-0.97355845279999997,1.276489421,-0.93583378080000001,-0.3453542819,0.070324637649999994,-1.160710074,-0.35226862019999999,0.91031227329999997,-0.2173439311,3.4969827150000001,0,0,0,1,1134004.024670583,1305],[6,0.072544631600000006,-0.38216073449999999,-0.92124396850000001,0.73435964509999996,-0.93009683210000005,-0.35939810370000003,0.075847781510000004,-0.95578182040000004,-0.36007937919999999,0.85134374729999995,-0.38151889150000001,3.0378614690000001,0,0,0,1,1134004.5246601659,1310],[6,0.039233980809999999,-0.35950115049999998,-0.93231948249999996,0.81734029330000002,-0.94232620020000002,-0.32368158790000001,0.085156104410000003,-0.7822903604,-0.3323883681,0.87520806240000004,-0.35146667030000001,2.6605071279999999,0,0,0,1,1134004.824653791,1313],[6,0.046268454809999998,-0.4561342458,-0.88870736459999999,0.63073846430000002,-0.93840089869999999,-0.32482611239999998,0.1178632679,-0.68240530899999996,-0.34243683110000001,0.82851043840000005,-0.44306598850000001,2.3904948199999998,0,0,0,1,1134005.1246475,1316],[6,0.065705688080000005,-0.52861491829999996,-0.8463149713,0.4158562629,-0.96172484869999997,-0.25966362059999998,0.087522108380000005,-0.44828394999999999,-0.26602270179999998,0.80817143739999997,-0.52544347920000001,2.171686673,0,0,0,1,1134005.3246432501,1318],[6,0.053983089249999998,-0.65759992180000004,-0.75143074789999997,0.101848175,-0.97583817719999999,-0.19430126089999999,0.099934338309999995,-0.21367821710000001,-0.2117207549,0.72788004699999997,-0.65220009130000001,1.8859056320000001,0,0,0,1,1134005.624636916,1321],[6,0.0089184587889999997,-0.72959867580000004,-0.68381739770000005,3.0106332350000002e-05,-0.98116675190000002,-0.13834246280000001,0.13480789269999999,-0.1174372534,-0.1929566429,0.66973661640000004,-0.7170917644,1.5699145050000001,0,0,0,1,1134005.9246307909,1324],[6,-0.010690300030000001,-0.76938004380000002,-0.63870185980000005,-0.045747975509999997,-0.96920084900000003,-0.1491913477,0.19593788810000001,-0.12757031760000001,-0.24603949219999999,0.62112501959999999,-0.74408889140000001,1.3462778449999999,0,0,0,1,1134006.124626416,1326],[6,0.01520771255,-0.81084729980000003,-0.58506015239999998,-0.074758807960000007,-0.97197931410000005,-0.1492599973,0.18159753889999999,-0.07929225828,-0.23457395079999999,0.56590468250000003,-0.79039670549999996,1.17819221,0,0,0,1,1134006.3246222499,1328],[6,0.01493467316,-0.85754744959999996,-0.5141880271,-0.091498787799999995,-0.97231367489999998,-0.13239170250000001,0.19255792560000001,-0.059234938369999997,-0.23320178629999999,0.49707626059999999,-0.83578233889999998,1.0197730030000001,0,0,0,1,1134006.5246181251,1330],[6,0.003660626266,-0.87806199439999999,-0.47853289729999998,-0.094216488099999995,-0.96803906579999999,-0.1231161815,0.21850119649999999,-0.03112588095,-0.2507727394,0.46243868760000001,-0.85044899510000005,0.89324994660000001,0,0,0,1,1134006.7246139159,1332],[6,0.0079658298979999997,-0.89810506970000004,-0.4397088005,-0.095618959419999996,-0.97456836830000004,-0.1054511365,0.1977284839,0.0080527918549999997,-0.22394874649999999,0.42695121679999998,-0.87610479819999998,0.7936348111,0,0,0,1,1134006.92460975,1334],[6,-0.0067618327200000003,-0.89206826839999998,-0.45185006599999999,-0.07639729629,-0.97307042300000002,-0.098245160809999996,0.20852299690000001,0.02135829689,-0.2304088312,0.44109193250000001,-0.86738093000000005,0.72324098879999998,0,0,0,1,1134007.124605583,1336],[6,-0.015348628790000001,-0.88555815609999999,-0.46427488820000001,-0.048473080520000003,-0.96586605219999999,-0.10695245220000001,0.23593207099999999,0.0097627005009999993,-0.25858690750000002,0.45204858720000002,-0.85368898680000005,0.67921000549999999,0,0,0,1,1134007.3246013329,1338],[6,0.0025236765970000001,-0.90048052180000004,-0.43488902130000001,-0.047249452070000003,-0.96570542270000004,-0.1151046605,0.23273150540000001,0.01091745052,-0.2596279406,0.41938734709999997,-0.86988940999999997,0.66176190079999997,0,0,0,1,1134007.524597208,1340],[6,-0.01176459711,-0.90219244600000004,-0.4311732653,-0.038778916400000002,-0.96458157919999998,-0.1034000541,0.2426742794,0.0086904210360000001,-0.26352224060000001,0.41875675420000003,-0.86902175429999995,0.65388672960000005,0,0,0,1,1134007.724593,1342],[6,0.003371798898,-0.91111714359999996,-0.41213369399999999,-0.04499466597,-0.95847902159999998,-0.12046300190000001,0.25846978609999999,-0.0026099479299999998,-0.28514311510000001,0.39414999160000003,-0.87369284530000002,0.65296179939999999,0,0,0,1,1134008.0245867081,1345],[6,-0.0096753827579999993,-0.91279743170000005,-0.40829797400000001,-0.048768153440000003,-0.96024917279999999,-0.10543482999999999,0.25846667629999998,-0.00042581617229999998,-0.27897654579999998,0.3945685558,-0.87549285639999996,0.65161232859999996,0,0,0,1,1134008.2245824579,1347],[6,-0.016061423219999999,-0.91648160940000001,-0.39975428750000003,-0.051767753010000001,-0.96215369340000001,-0.09460811828,0.25555737950000001,0.0079090806199999999,-0.27203363940000003,0.38872967940000003,-0.88027662429999998,0.65194724420000005,0,0,0,1,1134008.524576291,1350],[6,-0.007062566811,-0.91418382669999998,-0.40523826470000002,-0.048331577760000001,-0.96485099969999999,-0.10023260959999999,0.24293203229999999,0.01195627717,-0.26270262370000003,0.39271026850000001,-0.88134327960000003,0.65328200869999997,0,0,0,1,1134008.724571916,1352],[6,-0.013550392079999999,-0.90793895489999998,-0.41888332630000003,-0.043076886840000002,-0.9636271582,-0.099965606799999995,0.2478499092,0.01137660635,-0.26690651339999999,0.40700581270000002,-0.87356006180000001,0.65528910539999996,0,0,0,1,1134008.92456775,1354],[6,-0.018932993030000001,-0.90292881479999998,-0.42937291150000001,-0.03729171371,-0.9646738185,-0.096367903369999994,0.2451890109,0.014467787419999999,-0.26276599020000002,0.41884696789999998,-0.86920725480000005,0.65973972400000003,0,0,0,1,1134009.22456175,1357]],"pose_data":[[0.025200625881552696,-0.97761166095733643,0.20890277624130249,0,0.96768033504486084,-0.028595348820090294,-0.25055339932441711,0,0.25091755390167236,0.20846520364284515,0.94529503583908081,0,3.2551436424255371,0.72987461090087891,-12.679559707641602,1,1133873.52769825,0],[0.02286561019718647,-0.97675883769989014,0.21311835944652557,0,0.9655158519744873,-0.033723309636116028,-0.25815066695213318,0,0.25933802127838135,0.21167193353176117,0.94230508804321289,0,3.2443413734436035,0.72904825210571289,-12.693116188049316,0.99999994039535522,1133873.627758791,1],[0.026887992396950722,-0.97592806816101074,0.21642890572547913,0,0.96552038192749023,-0.030727323144674301,-0.25850781798362732,0,0.25893530249595642,0.21591725945472717,0.9414522647857666,0,3.2376580238342285,0.72776639461517334,-12.704702377319336,1.0000001192092896,1133873.727819375,2],[0.027774419635534286,-0.97450530529022217,0.22263866662979126,0,0.96637105941772461,-0.030784577131271362,-0.25530216097831726,0,0.25564715266227722,0.22224242985248566,0.94087874889373779,0,3.2354481220245361,0.72061538696289062,-12.706027030944824,0.99999994039535522,1133873.827880041,3],[0.032873250544071198,-0.97254753112792969,0.23037071526050568,0,0.96648544073104858,-0.027784969657659531,-0.25521355867385864,0,0.254608154296875,0.2310396134853363,0.93903964757919312,0,3.2385590076446533,0.72337359189987183,-12.716084480285645,1,1133873.9279404581,4],[0.033098440617322922,-0.96995556354522705,0.24102017283439636,0,0.96364891529083252,-0.032996878027915955,-0.26512625813484192,0,0.26511362195014954,0.24103410542011261,0.93360447883605957,0,3.2023894786834717,0.72733527421951294,-12.807163238525391,1,1133874.0280012081,5],[0.031244374811649323,-0.97047585248947144,0.23916631937026978,0,0.96362185478210449,-0.034298252314329147,-0.26505988836288452,0,0.26543718576431274,0.2387474924325943,0.93410009145736694,0,3.1760728359222412,0.73285353183746338,-12.899948120117188,1.0000001192092896,1133874.1280618331,6],[0.032335732132196426,-0.96808868646621704,0.24851304292678833,0,0.96073371171951294,-0.038451105356216431,-0.27479484677314758,0,0.27558138966560364,0.24764053523540497,0.92883211374282837,0,3.1661481857299805,0.72840660810470581,-12.927062034606934,1,1133874.228122416,7],[0.034523818641901016,-0.96562337875366211,0.25764241814613342,0,0.95402348041534424,-0.044958949089050293,-0.29634073376655579,0,0.29773688316345215,0.25602772831916809,0.91967529058456421,0,3.153618335723877,0.72099465131759644,-12.983569145202637,0.99999994039535522,1133874.3281829581,8],[0.034646376967430115,-0.96295303106307983,0.26743432879447937,0,0.95211786031723022,-0.04953041672706604,-0.30169239640235901,0,0.30376175045967102,0.26508152484893799,0.91512876749038696,0,3.1433975696563721,0.71151018142700195,-13.040553092956543,0.99999994039535522,1133874.4282434999,9],[0.031655304133892059,-0.96396917104721069,0.26412361860275269,0,0.95052677392959595,-0.052668649703264236,-0.30614519119262695,0,0.30902555584907532,0.26074770092964172,0.91461127996444702,0,3.135516881942749,0.70476126670837402,-13.121867179870605,0.99999994039535522,1133874.52830425,10],[0.030817687511444092,-0.96919405460357666,0.24436271190643311,0,0.95326107740402222,-0.045019045472145081,-0.29877510666847229,0,0.30057203769683838,0.24214901030063629,0.922507643699646,0,3.0703804492950439,0.66716694831848145,-13.430542945861816,1,1133874.62836475,11],[0.040924601256847382,-0.96567809581756592,0.25649762153625488,0,0.95806103944778442,-0.034945588558912277,-0.28442549705505371,0,0.28362694382667542,0.25738036632537842,0.92374849319458008,0,3.0613012313842773,0.70459467172622681,-13.677778244018555,1.0000001192092896,1133874.7284254159,12],[0.038507517427206039,-0.96774089336395264,0.24898752570152283,0,0.9679989218711853,-0.025709951296448708,-0.24963423609733582,0,0.2479826956987381,0.25063240528106689,0.93578207492828369,0,2.8510720729827881,0.60680019855499268,-14.151989936828613,0.99999994039535522,1133874.828485958,13],[0.021802334114909172,-0.9650038480758667,0.26132777333259583,0,0.96772241592407227,-0.045273847877979279,-0.24791871011257172,0,0.25107380747795105,0.25829795002937317,0.93286871910095215,0,2.8842508792877197,0.62419730424880981,-14.146687507629395,1,1133874.928546458,14],[0.016087964177131653,-0.96700179576873779,0.25426125526428223,0,0.96813303232192993,-0.048495996743440628,-0.24569617211818695,0,0.24991928040981293,0.25011143088340759,0.9354061484336853,0,2.904407262802124,0.62727653980255127,-14.160445213317871,1,1133875.02860725,15],[0.00777808902785182,-0.96757179498672485,0.25247651338577271,0,0.96789652109146118,-0.056148458272218704,-0.24499723315238953,0,0.25122857093811035,0.24627678096294403,0.93607264757156372,0,2.8926563262939453,0.61706149578094482,-14.263937950134277,1,1133875.1286677909,16],[0.0059804404154419899,-0.96893137693405151,0.24725745618343353,0,0.973949134349823,-0.050408348441123962,-0.22109295427799225,0,0.2266877293586731,0.24213840067386627,0.94338840246200562,0,2.8802576065063477,0.61065405607223511,-14.3759765625,1.0000001192092896,1133875.2287282499,17],[0.0032107215374708176,-0.96848714351654053,0.249042809009552,0,0.98318648338317871,-0.042412437498569489,-0.17761059105396271,0,0.18257610499858856,0.24542577564716339,0.95206737518310547,0,2.872201681137085,0.61568319797515869,-14.494294166564941,1,1133875.3287889999,18],[0.00070409831823781133,-0.96547901630401611,0.26048001646995544,0,0.98924911022186279,-0.037419784814119339,-0.14137186110019684,0,0.14623866975307465,0.25777912139892578,0.955072879791259