{
  "pose_data": [
    {
      "pose": [
        0.03204129636287689,
        -0.3021056652069092,
        0.9527358412742615,
        0,
        0.9994865655899048,
        0.009684806689620018,
        -0.030542580410838127,
        0,
        2.250976471884769e-08,
        0.9532252550125122,
        0.3022609055042267,
        0,
        0,
        0,
        0,
        1
      ],
      "id": 0,
      "planes": [],
      "timestamp": 492.676327541
    },
    {
      "timestamp": 493.176327541,
      "id": 1,
      "pose": [
        0.14738541841506958,
        -0.326271653175354,
        0.9337154030799866,
        0,
        0.9858870506286621,
        -0.02732108347117901,
        -0.16516752541065216,
        0,
        0.07939960062503815,
        0.9448811411857605,
        0.3176402747631073,
        0,
        0,
        0,
        0,
        1
      ],
      "planes": []
    },
    {
      "pose": [
        -0.02316182479262352,
        -0.5632439255714417,
        0.8259660005569458,
        0,
        0.9991136193275452,
        0.016008617356419563,
        0.0389338880777359,
        0,
        -0.035151854157447815,
        0.8261356949806213,
        0.5623738765716553,
        0,
        -0.034884002059698105,
        0.033753857016563416,
        0.0023293383419513702,
        1
      ],
      "id": 2,
      "planes": [],
      "timestamp": 493.676327541
    },
    {
      "timestamp": 494.176327541,
      "planes": [],
      "id": 3,
      "pose": [
        -0.10471051931381226,
        -0.9005296230316162,
        0.42199772596359253,
        0,
        0.98508620262146,
        -0.035663653165102005,
        0.16832490265369415,
        0,
        -0.13653160631656647,
        0.4333294928073883,
        0.8908336162567139,
        0,
        -0.028334449976682663,
        0.2591993808746338,
        0.01570413075387478,
        1
      ]
    },
    {
      "timestamp": 494.676327541,
      "id": 4,
      "pose": [
        0.007829959504306316,
        -0.9925016164779663,
        0.12198007106781006,
        0,
        0.9921262860298157,
        0.022958556190133095,
        0.12311926484107971,
        0,
        -0.12499652057886124,
        0.12005563080310822,
        0.9848667979240417,
        0,
        -0.03752971813082695,
        0.3987891674041748,
        0.01837969198822975,
        1
      ],
      "planes": []
    },
    {
      "id": 5,
      "pose": [
        0.005858403164893389,
        -0.9926468729972839,
        0.12090405076742172,
        0,
        0.9935181140899658,
        0.01950373314321041,
        0.11198869347572327,
        0,
        -0.11352331191301346,
        0.11946429312229156,
        0.9863269329071045,
        0,
        -0.05056297406554222,
        0.414421021938324,
        -0.0026138387620449066,
        1
      ],
      "planes": [],
      "timestamp": 495.176327541
    },
    {
      "planes": [],
      "pose": [
        -0.013003247790038586,
        -0.9902310371398926,
        0.13882838189601898,
        0,
        0.9927225708961487,
        0.003838662523776293,
        0.12036282569169998,
        0,
        -0.11971992254257202,
        0.13938316702842712,
        0.9829747676849365,
        0,
        -0.04785773158073425,
        0.3792918026447296,
        -0.029512377455830574,
        0.9999999403953552
      ],
      "timestamp": 495.676327541,
      "id": 6
    },
    {
      "planes": [],
      "id": 7,
      "pose": [
        -0.0033212590496987104,
        -0.9921241402626038,
        0.12521424889564514,
        0,
        0.9907738566398621,
        0.013700171373784542,
        0.1348319798707962,
        0,
        -0.13548552989959717,
        0.12450681626796722,
        0.9829251766204834,
        0,
        -0.05516240373253822,
        0.35225558280944824,
        -0.07988932728767395,
        1
      ],
      "timestamp": 496.176327541
    },
    {
      "id": 8,
      "pose": [
        -0.02172566018998623,
        -0.9880411028862,
        0.15265192091464996,
        0,
        0.9878585934638977,
        0.002278176136314869,
        0.1553390771150589,
        0,
        -0.1538291722536087,
        0.1541733592748642,
        0.9759954810142517,
        0,
        -0.04376182705163956,
        0.32337018847465515,
        -0.19857294857501984,
        0.9999999403953552
      ],
      "planes": [],
      "timestamp": 496.676327541
    },
    {
      "planes": [],
      "timestamp": 497.176327541,
      "id": 9,
      "pose": [
        -0.0002527258184272796,
        -0.9906944632530212,
        0.13610400259494781,
        0,
        0.9957035779953003,
        0.012353743426501751,
        0.0917712152004242,
        0,
        -0.09259862452745438,
        0.13554242253303528,
        0.9864348769187927,
        0,
        0.004734959453344345,
        0.3332008719444275,
        -0.35325363278388977,
        1
      ]
    },
    {
      "id": 10,
      "planes": [],
      "timestamp": 497.676327541,
      "pose": [
        -0.024440007284283638,
        -0.9926214814186096,
        0.11876561492681503,
        0,
        0.990720272064209,
        -0.008160257712006569,
        0.1356719583272934,
        0,
        -0.13370172679424286,
        0.12097932398319244,
        0.9836096167564392,
        0,
        0.0005841851234436035,
        0.3374156951904297,
        -0.35497817397117615,
        1
      ]
    },
    {
      "id": 11,
      "pose": [
        -0.004818686284124851,
        -0.993081271648407,
        0.11732959747314453,
        0,
        0.9875038862228394,
        0.013756670989096165,
        0.1569933444261551,
        0,
        -0.15752121806144714,
        0.11661993712186813,
        0.9806053638458252,
        0,
        -0.03139375522732735,
        0.33382028341293335,
        -0.3563360869884491,
        1
      ],
      "planes": [],
      "timestamp": 498.176327541
    },
    {
      "timestamp": 498.676327541,
      "pose": [
        -0.011334193870425224,
        -0.9921559691429138,
        0.124490886926651,
        0,
        0.9879592061042786,
        0.008099924772977829,
        0.15450215339660645,
        0,
        -0.15429863333702087,
        0.12474308907985687,
        0.9801177978515625,
        0,
        -0.04448677599430084,
        0.3302225172519684,
        -0.364817351102829,
        0.9999999403953552
      ],
      "id": 12,
      "planes": []
    },
    {
      "id": 13,
      "pose": [
        -0.013482407666742802,
        -0.9913889169692993,
        0.13025416433811188,
        0,
        0.9883806109428406,
        0.006510699633508921,
        0.15185990929603577,
        0,
        -0.15140026807785034,
        0.13078813254833221,
        0.9797817468643188,
        0,
        -0.03315821290016174,
        0.32825472950935364,
        -0.3624807894229889,
        0.9999999403953552
      ],
      "timestamp": 499.176327541,
      "planes": []
    },
    {
      "timestamp": 499.676327541,
      "id": 14,
      "pose": [
        0.011116661131381989,
        -0.9913992881774902,
        0.13039878010749817,
        0,
        0.9982631206512451,
        0.01854857988655567,
        0.05591845512390137,
        0,
        -0.05785622075200081,
        0.12955066561698914,
        0.9898834824562073,
        0,
        0.0025375261902809143,
        0.3286571502685547,
        -0.3615185618400574,
        1
      ],
      "planes": []
    },
    {
      "pose": [
        0.049155376851558685,
        -0.9903672337532043,
        0.1294463723897934,
        0,
        0.997296154499054,
        0.04157938435673714,
        -0.06059351563453674,
        0,
        0.05462753772735596,
        0.13207486271858215,
        0.9897333979606628,
        0,
        0.07991303503513336,
        0.3340469300746918,
        -0.3677051067352295,
        1.0000001192092896
      ],
      "planes": [],
      "id": 15,
      "timestamp": 500.176327541
    },
    {
      "planes": [],
      "timestamp": 500.676327541,
      "pose": [
        -0.006928723771125078,
        -0.9893304705619812,
        0.1455235630273819,
        0,
        0.9993182420730591,
        -0.0015728466678410769,
        0.0368870347738266,
        0,
        -0.03626459091901779,
        0.14567992091178894,
        0.9886668920516968,
        0,
        -0.0019315916579216719,
        0.328815758228302,
        -0.3588941991329193,
        0.9999998807907104
      ],
      "id": 16
    },
    {
      "pose": [
        -0.03136736527085304,
        -0.987759530544281,
        0.1527976393699646,
        0,
        0.9846429824829102,
        -0.004270446952432394,
        0.1745281219482422,
        0,
        -0.17173929512500763,
        0.15592563152313232,
        0.972724437713623,
        0,
        -0.08417052030563354,
        0.3300619125366211,
        -0.33780211210250854,
        1
      ],
      "id": 17,
      "timestamp": 501.176327541,
      "planes": []
    },
    {
      "pose": [
        -0.008730444125831127,
        -0.9884758591651917,
        0.15112677216529846,
        0,
        0.9873113036155701,
        0.015442950651049614,
        0.15804381668567657,
        0,
        -0.15855632722377777,
        0.1505889743566513,
        0.9757985472679138,
        0,
        -0.1013927012681961,
        0.32955801486968994,
        -0.34036165475845337,
        1
      ],
      "timestamp": 501.676327541,
      "planes": [],
      "id": 18
    },
    {
      "pose": [
        -0.008214862085878849,
        -0.9877771139144897,
        0.15565578639507294,
        0,
        0.9845495223999023,
        0.01923850178718567,
        0.17404620349407196,
        0,
        -0.1749134361743927,
        0.15468060970306396,
        0.9723575115203857,
        0,
        -0.10236932337284088,
        0.32930871844291687,
        -0.35667723417282104,
        0.9999999403953552
      ],
      "timestamp": 502.176327541,
      "planes": [],
      "id": 19
    },
    {
      "id": 20,
      "timestamp": 502.676327541,
      "planes": [],
      "pose": [
        -0.015266388654708862,
        -0.9861427545547485,
        0.1651947945356369,
        0,
        0.983471155166626,
        0.015001972205936909,
        0.18044234812259674,
        0,
        -0.1804201900959015,
        0.1652190387248993,
        0.9696139097213745,
        0,
        -0.09363257884979248,
        0.32810157537460327,
        -0.36359646916389465,
        0.9999999403953552
      ]
    },
    {
      "id": 21,
      "pose": [
        -0.01926373690366745,
        -0.9861001372337341,
        0.16503141820430756,
        0,
        0.9843713641166687,
        0.010193166323006153,
        0.17580987513065338,
        0,
        -0.17504830658435822,
        0.16583897173404694,
        0.9704923629760742,
        0,
        -0.07350972294807434,
        0.3274165391921997,
        -0.3585331439971924,
        1
      ],
      "planes": [],
      "timestamp": 503.176327541
    },
    {
      "pose": [
        -0.01682143099606037,
        -0.9855269193649292,
        0.1686822921037674,
        0,
        0.9858168959617615,
        0.011827053502202034,
        0.1674078106880188,
        0,
        -0.16697993874549866,
        0.1691058725118637,
        0.9713500142097473,
        0,
        -0.0603492446243763,
        0.32762080430984497,
        -0.3572932481765747,
        1
      ],
      "id": 22,
      "planes": [],
      "timestamp": 503.676327541
    },
    {
      "planes": [],
      "id": 23,
      "pose": [
        -0.021242570132017136,
        -0.9855941534042358,
        0.16778813302516937,
        0,
        0.9848875999450684,
        0.00822419859468937,
        0.1729995459318161,
        0,
        -0.17188724875450134,
        0.1689273864030838,
        0.9705247282981873,
        0,
        -0.06218372657895088,
        0.32853931188583374,
        -0.35441896319389343,
        1
      ],
      "timestamp": 504.176327541
    },
    {
      "pose": [
        -0.020057665184140205,
        -0.984634518623352,
        0.17347194254398346,
        0,
        0.986049473285675,
        0.009194201789796352,
        0.16619853675365448,
        0,
        -0.16523978114128113,
        0.1743854582309723,
        0.9707139730453491,
        0,
        -0.0709250345826149,
        0.32705622911453247,
        -0.3588846027851105,
        1.0000001192092896
      ],
      "timestamp": 504.676327541,
      "planes": [],
      "id": 24
    },
    {
      "id": 25,
      "pose": [
        -0.04296616092324257,
        -0.9812670946121216,
        0.18779952824115753,
        0,
        0.976521372795105,
        -0.0015311985043808818,
        0.21541517972946167,
        0,
        -0.2110922932624817,
        0.1926458179950714,
        0.958294153213501,
        0,
        -0.02053144946694374,
        0.32160305976867676,
        -0.35712841153144836,
        1
      ],
      "timestamp": 505.176327541,
      "planes": []
    },
    {
      "planes": [],
      "id": 26,
      "timestamp": 505.676327541,
      "pose": [
        -0.13340973854064941,
        -0.9773120284080505,
        0.16450844705104828,
        0,
        0.7153258323669434,
        0.01993102766573429,
        0.6985068321228027,
        0,
        -0.6859380006790161,
        0.21086475253105164,
        0.6964375376701355,
        0,
        0.2928908169269562,
        0.3098222613334656,
        -0.22262758016586304,
        1
      ]
    },
    {
      "timestamp": 506.176327541,
      "id": 27,
      "planes": [],
      "pose": [
        -0.31858640909194946,
        -0.9475550055503845,
        -0.025339819490909576,
        0,
        -0.2248760312795639,
        0.04958408698439598,
        0.9731249213218689,
        0,
        -0.9208330512046814,
        0.3157227337360382,
        -0.22887924313545227,
        0,
        0.6739702224731445,
        0.25115081667900085,
        0.12023019790649414,
        0.9999999403953552
      ]
    },
    {
      "id": 28,
      "pose": [
        -0.327205628156662,
        -0.9151995182037354,
        -0.23525775969028473,
        0,
        -0.6705247163772583,
        0.04944583401083946,
        0.7402376532554626,
        0,
        -0.6658326387405396,
        0.399956077337265,
        -0.6298429369926453,
        0,
        1.0406705141067505,
        0.24640800058841705,
        0.3227651119232178,
        1
      ],
      "timestamp": 506.676327541,
      "planes": []
    },
    {
      "timestamp": 507.176327541,
      "id": 29,
      "pose": [
        -0.2641766667366028,
        -0.9378842115402222,
        -0.22490842640399933,
        0,
        -0.5414400100708008,
        -0.048764247447252274,
        0.8393239974975586,
        0,
        -0.798156201839447,
        0.34350425004959106,
        -0.49492567777633667,
        0,
        1.5345089435577393,
        0.2346126288175583,
        0.41520780324935913,
        1
      ],
      "planes": []
    },
    {
      "planes": [],
      "pose": [
        -0.2810039520263672,
        -0.9457769393920898,
        -0.16291901469230652,
        0,
        -0.6016378402709961,
        0.04134422540664673,
        0.7976983189582825,
        0,
        -0.7477089762687683,
        0.32217463850975037,
        -0.5806331038475037,
        0,
        2.0249154567718506,
        0.24558497965335846,
        0.48662927746772766,
        0.9999999403953552
      ],
      "timestamp": 507.676327541,
      "id": 30
    },
    {
      "planes": [],
      "id": 31,
      "timestamp": 508.176327541,
      "pose": [
        -0.2860167920589447,
        -0.8641312122344971,
        -0.41409119963645935,
        0,
        -0.8768011331558228,
        0.06169000640511513,
        0.4768795073032379,
        0,
        -0.3865411877632141,
        0.4994712173938751,
        -0.775315523147583,
        0,
        2.347048282623291,
        0.18052588403224945,
        0.8038250803947449,
        0.9999998807907104
      ]
    },
    {
      "pose": [
        -0.32211950421333313,
        -0.8485467433929443,
        -0.4197705388069153,
        0,
        -0.8528733849525452,
        0.06765100359916687,
        0.5177164673805237,
        0,
        -0.4109087288379669,
        0.5247777104377747,
        -0.7454946637153625,
        0,
        2.8026270866394043,
        0.14137691259384155,
        1.019139289855957,
        0.9999999403953552
      ],
      "timestamp": 508.676327541,
      "id": 32,
      "planes": []
    },
    {
      "planes": [],
      "id": 33,
      "pose": [
        -0.19769376516342163,
        -0.8296719789505005,
        -0.5220741629600525,
        0,
        -0.9691631197929382,
        0.0855046734213829,
        0.23111020028591156,
        0,
        -0.1471058428287506,
        0.5516640543937683,
        -0.8209911584854126,
        0,
        3.094827651977539,
        0.15440082550048828,
        1.3357168436050415,
        0.9999999403953552
      ],
      "timestamp": 509.176327541
    },
    {
      "timestamp": 509.676327541,
      "planes": [],
      "pose": [
        -0.00718776835128665,
        -0.8668650388717651,
        -0.49849092960357666,
        0,
        -0.999245285987854,
        -0.012804635800421238,
        0.03667515888810158,
        0,
        -0.038175422698259354,
        0.49837830662727356,
        -0.866118848323822,
        0,
        3.2712652683258057,
        0.16312335431575775,
        1.5766185522079468,
        1.0000001192092896
      ],
      "id": 34
    },
    {
      "pose": [
        0.029637731611728668,
        -0.9126989245414734,
        -0.4075563848018646,
        0,
        -0.9933674931526184,
        0.01842394843697548,
        -0.11349761486053467,
        0,
        0.11109793931245804,
        0.40821707248687744,
        -0.9060994386672974,
        0,
        3.467967987060547,
        0.25622689723968506,
        1.69182288646698,
        1
      ],
      "planes": [],
      "timestamp": 510.176327541,
      "id": 35
    },
    {
      "planes": [],
      "pose": [
        0.0040008192881941795,
        -0.952191174030304,
        -0.3054765462875366,
        0,
        -0.9991527795791626,
        -0.01631915010511875,
        0.037782009690999985,
        0,
        -0.04096083343029022,
        0.3050665855407715,
        -0.9514497518539429,
        0,
        3.591425657272339,
        0.2918561100959778,
        1.7165008783340454,
        1
      ],
      "id": 36,
      "timestamp": 510.676327541
    },
    {
      "pose": [
        -0.13349227607250214,
        -0.9505087733268738,
        -0.28055769205093384,
        0,
        -0.9194037318229675,
        0.01309505570679903,
        0.39309680461883545,
        0,
        -0.36996808648109436,
        0.3104212284088135,
        -0.8756495118141174,
        0,
        3.626332998275757,
        0.29781240224838257,
        2.071969747543335,
        0.9999998807907104
      ],
      "timestamp": 511.176327541,
      "id": 37,
      "planes": []
    },
    {
      "id": 38,
      "planes": [],
      "timestamp": 511.676327541,
      "pose": [
        -0.017392797395586967,
        -0.9713548421859741,
        -0.23699600994586945,
        0,
        -0.9683086276054382,
        -0.042701371014118195,
        0.24607916176319122,
        0,
        -0.24915026128292084,
        0.23376528918743134,
        -0.9398286938667297,
        0,
        3.5512173175811768,
        0.3520944118499756,
        2.2118382453918457,
        1
      ]
    },
    {
      "pose": [
        -0.0020146367605775595,
        -0.9932564496994019,
        -0.11592001467943192,
        0,
        -0.9995017647743225,
        -0.001651617931202054,
        0.0315227285027504,
        0,
        -0.03150160610675812,
        0.11592575907707214,
        -0.9927582740783691,
        0,
        3.5732452869415283,
        0.3671627640724182,
        2.4677515029907227,
        1
      ],
      "id": 39,
      "timestamp": 512.176327541,
      "planes": []
    },
    {
      "pose": [
        -0.0306228157132864,
        -0.9885295033454895,
        -0.14789041876792908,
        0,
        -0.9988294839859009,
        0.03580717742443085,
        -0.03252057731151581,
        0,
        0.03744307905435562,
        0.14672143757343292,
        -0.9884689450263977,
        0,
        3.5768487453460693,
        0.3725178837776184,
        2.709906816482544,
        1
      ],
      "timestamp": 512.676327541,
      "planes": [],
      "id": 40
    },
    {
      "id": 41,
      "pose": [
        -0.009485611692070961,
        -0.9941332340240479,
        -0.10774524509906769,
        0,
        -0.9975427389144897,
        0.016887515783309937,
        -0.06799501925706863,
        0,
        0.0694156363606453,
        0.10683552175760269,
        -0.9918506145477295,
        0,
        3.6174681186676025,
        0.3687606453895569,
        2.761286735534668,
        1
      ],
      "timestamp": 513.176327541,
      "planes": []
    },
    {
      "timestamp": 513.676327541,
      "id": 42,
      "pose": [
        -0.012501124292612076,
        -0.9934295415878296,
        -0.11375998705625534,
        0,
        -0.9982712864875793,
        0.018933789804577827,
        -0.05564234405755997,
        0,
        0.05743065103888512,
        0.11286774277687073,
        -0.9919489622116089,
        0,
        3.625016212463379,
        0.3490277826786041,
        2.761564254760742,
        1.0000001192092896
      ],
      "planes": []
    },
    {
      "pose": [
        -0.012416206300258636,
        -0.9934203028678894,
        -0.1138501763343811,
        0,
        -0.9984886050224304,
        0.018414195626974106,
        -0.05178380385041237,
        0,
        0.05353955179452896,
        0.11303514242172241,
        -0.9921473860740662,
        0,
        3.6164472103118896,
        0.33681079745292664,
        2.769026279449463,
        0.9999999403953552
      ],
      "timestamp": 514.176327541,
      "planes": [],
      "id": 43
    },
    {
      "planes": [],
      "pose": [
        -0.008697808720171452,
        -0.9929643869400024,
        -0.11809316277503967,
        0,
        -0.9969581365585327,
        0.01775829680263996,
        -0.07588929682970047,
        0,
        0.07745250314474106,
        0.11707387864589691,
        -0.9900984168052673,
        0,
        3.6150755882263184,
        0.33674219250679016,
        2.774739980697632,
        0.9999999403953552
      ],
      "id": 44,
      "timestamp": 514.676327541
    },
    {
      "id": 45,
      "planes": [],
      "pose": [
        -0.011270899325609207,
        -0.9931796789169312,
        -0.11604713648557663,
        0,
        -0.996300220489502,
        0.021042481064796448,
        -0.08332619816064835,
        0,
        0.08519979566335678,
        0.11467862874269485,
        -0.9897423386573792,
        0,
        3.6192786693573,
        0.33409011363983154,
        2.778430223464966,
        0.9999998807907104
      ],
      "timestamp": 515.176327541
    },
    {
      "pose": [
        -0.014559091068804264,
        -0.9933390617370605,
        -0.11430390924215317,
        0,
        -0.9960949420928955,
        0.024364478886127472,
        -0.08486109226942062,
        0,
        0.08708079904317856,
        0.11262203752994537,
        -0.9898147583007812,
        0,
        3.6224052906036377,
        0.33430373668670654,
        2.7757301330566406,
        1
      ],
      "timestamp": 515.676327541,
      "id": 46,
      "planes": []
    },
    {
      "id": 47,
      "planes": [],
      "timestamp": 516.176327541,
      "pose": [
        -0.012012919411063194,
        -0.9940288066864014,
        -0.10845448821783066,
        0,
        -0.9957658052444458,
        0.021778173744678497,
        -0.08931007236242294,
        0,
        0.09113870561122894,
        0.10692239552736282,
        -0.9900814890861511,
        0,
        3.6203126907348633,
        0.3341035842895508,
        2.7730050086975098,
        1
      ]
    },
    {
      "pose": [
        -0.0472683422267437,
        -0.9901353120803833,
        -0.13190008699893951,
        0,
        -0.9792230725288391,
        0.019863255321979523,
        0.20181138813495636,
        0,
        -0.19720061123371124,
        0.13869889080524445,
        -0.9705022573471069,
        0,
        3.659151077270508,
        0.32458484172821045,
        2.7456445693969727,
        1
      ],
      "planes": [],
      "timestamp": 516.676327541,
      "id": 48
    },
    {
      "id": 49,
      "planes": [],
      "pose": [
        -0.36650747060775757,
        -0.9289958477020264,
        0.05136987939476967,
        0,
        0.14439883828163147,
        -0.0022517635952681303,
        0.989517092704773,
        0,
        -0.9191415905952454,
        0.37008312344551086,
        0.13497121632099152,
        0,
        3.8189005851745605,
        0.24148450791835785,
        2.4448819160461426,
        1
      ],
      "timestamp": 517.176327541
    },
    {
      "planes": [],
      "pose": [
        -0.17267750203609467,
        -0.8497483730316162,
        0.4981064796447754,
        0,
        0.9540562033653259,
        -0.018575608730316162,
        0.2990513741970062,
        0,
        -0.2448657900094986,
        0.5268610715866089,
        0.8139153122901917,
        0,
        3.5464913845062256,
        0.16986513137817383,
        1.8888026475906372,
        0.9999999403953552
      ],
      "id": 50,
      "timestamp": 517.676327541
    },
    {
      "planes": [],
      "pose": [
        0.13796858489513397,
        -0.7482985258102417,
        0.6488557457923889,
        0,
        0.9772246479988098,
        -0.003800660138949752,
        -0.21217402815818787,
        0,
        0.16123560070991516,
        0.6633511781692505,
        0.7307313680648804,
        0,
        3.359428644180298,
        0.1215839833021164,
        1.6703946590423584,
        1
      ],
      "timestamp": 518.176327541,
      "id": 51
    },
    {
      "pose": [
        0.4224987328052521,
        -0.719849705696106,
        0.5507369041442871,
        0,
        0.8308421969413757,
        0.06476772576570511,
        -0.5527262687683105,
        0,
        0.36220985651016235,
        0.6911016702651978,
        0.6254458427429199,
        0,
        3.337583303451538,
        0.15914377570152283,
        1.56596839427948,
        0.9999999403953552
      ],
      "planes": [],
      "timestamp": 518.676327541,
      "id": 52
    },
    {
      "id": 53,
      "pose": [
        0.40325406193733215,
        -0.761167049407959,
        0.5079477429389954,
        0,
        0.9063981771469116,
        0.2559241056442261,
        -0.3360733985900879,
        0,
        0.1258118897676468,
        0.5959258675575256,
        0.7931228280067444,
        0,
        3.47122859954834,
        0.2786400318145752,
        1.487380862236023,
        1
      ],
      "timestamp": 519.176327541,
      "planes": []
    },
    {
      "pose": [
        -0.30020856857299805,
        -0.6266406774520874,
        0.7191635370254517,
        0,
        0.7910736799240112,
        0.25771358609199524,
        0.5547846555709839,
        0,
        -0.5329889059066772,
        0.735462486743927,
        0.4183511734008789,
        0,
        3.825032949447632,
        0.21210984885692596,
        1.2160969972610474,
        0.9999999403953552
      ],
      "timestamp": 519.676327541,
      "id": 54,
      "planes": []
    },
    {
      "pose": [
        -0.6398599147796631,
        -0.5881971716880798,
        0.4945738911628723,
        0,
        0.43293246626853943,
        0.2558244466781616,
        0.8643630146980286,
        0,
        -0.6349400281906128,
        0.7671884298324585,
        0.09095785021781921,
        0,
        4.1153974533081055,
        0.013670027256011963,
        0.8789418935775757,
        1.0000001192092896
      ],
      "planes": [],
      "id": 55,
      "timestamp": 520.176327541
    },
    {
      "timestamp": 520.676327541,
      "planes": [],
      "id": 56,
      "pose": [
        -0.7301238775253296,
        -0.4827727973461151,
        0.4835798144340515,
        0,
        0.4752804636955261,
        0.1496676206588745,
        0.8670110106468201,
        0,
        -0.49094557762145996,
        0.8628615140914917,
        0.12017656862735748,
        0,
        4.337800979614258,
        -0.014316748827695847,
        0.7716796398162842,
        0.9999999403953552
      ]
    },
    {
      "timestamp": 521.176327541,
      "planes": [],
      "id": 57,
      "pose": [
        -0.8297916650772095,
        -0.49876585602760315,
        0.2503564655780792,
        0,
        0.4148087799549103,
        -0.2511213719844818,
        0.8745695352554321,
        0,
        -0.3733355700969696,
        0.8295605778694153,
        0.4152708947658539,
        0,
        4.546992301940918,
        -0.16853755712509155,
        0.563735842704773,
        1.0000001192092896
      ]
    },
    {
      "id": 58,
      "timestamp": 521.676327541,
      "pose": [
        -0.7760864496231079,
        -0.6159881949424744,
        -0.1350858360528946,
        0,
        -0.029308877885341644,
        -0.17874547839164734,
        0.9834586977958679,
        0,
        -0.6299450397491455,
        0.7672082781791687,
        0.12066804617643356,
        0,
        5.012913227081299,
        -0.08366777002811432,
        0.48237892985343933,
        1
      ],
      "planes": []
    },
    {
      "id": 59,
      "pose": [
        -0.5664013028144836,
        -0.6957220435142517,
        -0.44176948070526123,
        0,
        -0.49418118596076965,
        -0.14226140081882477,
        0.8576401472091675,
        0,
        -0.6595258712768555,
        0.7040826678276062,
        -0.2632357180118561,
        0,
        5.497548580169678,
        -0.006339114159345627,
        0.6674121618270874,
        0.9999999403953552
      ],
      "planes": [],
      "timestamp": 522.176327541
    },
    {
      "timestamp": 522.676327541,
      "id": 60,
      "pose": [
        -0.6806580424308777,
        -0.7125345468521118,
        -0.17029118537902832,
        0,
        -0.25388550758361816,
        0.011380692012608051,
        0.9671673774719238,
        0,
        -0.6872020363807678,
        0.7015447616577148,
        -0.1886485368013382,
        0,
        6.1557207107543945,
        0.04877106845378876,
        0.631312906742096,
        1
      ],
      "planes": []
    },
    {
      "planes": [],
      "pose": [
        -0.751343846321106,
        -0.6144532561302185,
        -0.2406855970621109,
        0,
        -0.3106345236301422,
        0.007521756459027529,
        0.9504997730255127,
        0,
        -0.5822272300720215,
        0.7889173626899719,
        -0.1965218484401703,
        0,
        6.72554874420166,
        0.0019519925117492676,
        0.821401834487915,
        1
      ],
      "id": 61,
      "timestamp": 523.176327541
    },
    {
      "planes": [],
      "timestamp": 523.676327541,
      "id": 62,
      "pose": [
        -0.8488665819168091,
        -0.49364346265792847,
        -0.18905436992645264,
        0,
        -0.17452837526798248,
        -0.0758608728647232,
        0.9817255139350891,
        0,
        -0.49896425008773804,
        0.8663492798805237,
        -0.02175905369222164,
        0,
        7.275612831115723,
        -0.055291637778282166,
        0.9321350455284119,
        0.9999999403953552
      ]
    },
    {
      "pose": [
        -0.7070894837379456,
        -0.5821693539619446,
        -0.4013766050338745,
        0,
        -0.41352590918540955,
        -0.1200036033987999,
        0.9025494456291199,
        0,
        -0.5736033320426941,
        0.8041629195213318,
        -0.15588882565498352,
        0,
        7.896069049835205,
        -0.0486605167388916,
        1.2030054330825806,
        1
      ],
      "planes": [],
      "timestamp": 524.176327541,
      "id": 63
    },
    {
      "pose": [
        -0.8692960739135742,
        -0.4821152687072754,
        0.10903755575418472,
        0,
        0.10081898421049118,
        0.04301663488149643,
        0.9939743280410767,
        0,
        -0.48390069603919983,
        0.8750511407852173,
        0.011212194338440895,
        0,
        8.518773078918457,
        -0.050020307302474976,
        1.2136688232421875,
        0.9999999403953552
      ],
      "timestamp": 524.676327541,
      "id": 64,
      "planes": []
    },
    {
      "planes": [],
      "id": 65,
      "timestamp": 525.176327541,
      "pose": [
        -0.8714021444320679,
        -0.4780265986919403,
        -0.11022154986858368,
        0,
        -0.12024053931236267,
        -0.009703907184302807,
        0.9926974177360535,
        0,
        -0.4756053388118744,
        0.8782917261123657,
        -0.049022186547517776,
        0,
        9.136247634887695,
        -0.028722137212753296,
        1.438176155090332,
        1
      ]
    },
    {
      "pose": [
        -0.9160862565040588,
        -0.3828253448009491,
        -0.11929233372211456,
        0,
        -0.086246058344841,
        -0.10242077708244324,
        0.9909952282905579,
        0,
        -0.39159610867500305,
        0.9181256294250488,
        0.06080907955765724,
        0,
        9.666830062866211,
        -0.0845901221036911,
        1.535585880279541,
        1
      ],
      "id": 66,
      "planes": [],
      "timestamp": 525.676327541
    },
    {
      "timestamp": 526.176327541,
      "id": 67,
      "planes": [],
      "pose": [
        -0.8010886907577515,
        -0.4948138892650604,
        -0.3367730677127838,
        0,
        -0.22648803889751434,
        -0.2702198922634125,
        0.9357801675796509,
        0,
        -0.5540397763252258,
        0.8259180188179016,
        0.10440069437026978,
        0,
        10.271157264709473,
        -0.09061546623706818,
        1.7198022603988647,
        1
      ]
    },
    {
      "pose": [
        -0.7927277684211731,
        -0.3903283178806305,
        -0.4682161808013916,
        0,
        -0.46272435784339905,
        -0.11470143496990204,
        0.8790504336357117,
        0,
        -0.39682337641716003,
        0.9135027527809143,
        -0.08968742936849594,
        0,
        10.802106857299805,
        -0.1058945432305336,
        2.023888349533081,
        0.9999998807907104
      ],
      "timestamp": 526.676327541,
      "id": 68,
      "planes": []
    },
    {
      "pose": [
        -0.836763858795166,
        -0.4148375391960144,
        -0.3574018180370331,
        0,
        -0.3528951108455658,
        -0.09051567316055298,
        0.9312744736671448,
        0,
        -0.41867804527282715,
        0.9053820967674255,
        -0.07065388560295105,
        0,
        11.38845157623291,
        -0.1174951046705246,
        2.255260467529297,
        1
      ],
      "id": 69,
      "planes": [],
      "timestamp": 527.176327541
    },
    {
      "timestamp": 527.676327541,
      "id": 70,
      "pose": [
        -0.8768579363822937,
        -0.37061262130737305,
        -0.3062129616737366,
        0,
        -0.29561978578567505,
        -0.0866275206208229,
        0.9513699412345886,
        0,
        -0.37911614775657654,
        0.924738883972168,
        -0.033600401133298874,
        0,
        11.975438117980957,
        -0.1266556978225708,
        2.5262069702148438,
        1
      ],
      "planes": []
    },
    {
      "planes": [],
      "id": 71,
      "timestamp": 528.176327541,
      "pose": [
        -0.8749322295188904,
        -0.48289382457733154,
        0.03615301847457886,
        0,
        0.11684058606624603,
        -0.13806523382663727,
        0.9835071563720703,
        0,
        -0.46993812918663025,
        0.8647263050079346,
        0.17721933126449585,
        0,
        12.578316688537598,
        -0.09910480678081512,
        2.5666134357452393,
        1.0000001192092896
      ]
    },
    {
      "pose": [
        -0.7419464588165283,
        -0.6485002636909485,
        0.1701846867799759,
        0,
        0.29844367504119873,
        -0.09214980900287628,
        0.9499683380126953,
        0,
        -0.6003721952438354,
        0.7556162476539612,
        0.261911004781723,
        0,
        13.117298126220703,
        0.010949589312076569,
        2.607758045196533,
        1
      ],
      "id": 72,
      "planes": [],
      "timestamp": 528.676327541
    },
    {
      "pose": [
        -0.28076329827308655,
        -0.8869776129722595,
        0.3666643798351288,
        0,
        0.8797895312309265,
        -0.08515801280736923,
        0.46767377853393555,
        0,
        -0.38359177112579346,
        0.45389309525489807,
        0.8042627573013306,
        0,
        13.448416709899902,
        0.21350549161434174,
        2.3865561485290527,
        1
      ],
      "planes": [],
      "timestamp": 529.176327541,
      "id": 73
    },
    {
      "pose": [
        -0.014714201912283897,
        -0.979556143283844,
        0.20063181221485138,
        0,
        0.9445902705192566,
        0.05218811705708504,
        0.3240766227245331,
        0,
        -0.32792189717292786,
        0.1942834109067917,
        0.9245113134384155,
        0,
        13.638141632080078,
        0.3607008755207062,
        2.2910664081573486,
        0.9999999403953552
      ],
      "timestamp": 529.676327541,
      "planes": [],
      "id": 74
    },
    {
      "timestamp": 530.176327541,
      "planes": [],
      "id": 75,
      "pose": [
        -0.012806124985218048,
        -0.9895870685577393,
        0.14336420595645905,
        0,
        0.9958364367485046,
        0.0003193599113728851,
        0.09115827828645706,
        0,
        -0.09025487303733826,
        0.1439346820116043,
        0.9854627847671509,
        0,
        13.723750114440918,
        0.3863465189933777,
        2.193636178970337,
        1
      ]
    },
    {
      "id": 76,
      "pose": [
        -0.06411600857973099,
        -0.9864963889122009,
        0.15071189403533936,
        0,
        0.9858888387680054,
        -0.039213329553604126,
        0.16274394094944,
        0,
        -0.154636412858963,
        0.15901966392993927,
        0.975089967250824,
        0,
        13.684803009033203,
        0.34604477882385254,
        2.167146682739258,
        1
      ],
      "planes": [],
      "timestamp": 530.676327541
    },
    {
      "id": 77,
      "planes": [],
      "pose": [
        -0.03490401431918144,
        -0.9902867078781128,
        0.1345876008272171,
        0,
        0.9792064428329468,
        -0.0069585759192705154,
        0.20274721086025238,
        0,
        -0.19984132051467896,
        0.13886572420597076,
        0.9699380397796631,
        0,
        13.631247520446777,
        0.3180215358734131,
        2.1712565422058105,
        1
      ],
      "timestamp": 531.176327541
    },
    {
      "pose": [
        -0.04790830984711647,
        -0.9901108741760254,
        0.13185235857963562,
        0,
        0.9774307012557983,
        -0.01927935518324375,
        0.2103743702173233,
        0,
        -0.2057519108057022,
        0.1389552354812622,
        0.968688428401947,
        0,
        13.631967544555664,
        0.31037890911102295,
        2.1662917137145996,
        1
      ],
      "id": 78,
      "planes": [],
      "timestamp": 531.676327541
    },
    {
      "id": 79,
      "pose": [
        -0.0381414070725441,
        -0.9901257753372192,
        0.13489247858524323,
        0,
        0.9781141877174377,
        -0.009360594674944878,
        0.20785807073116302,
        0,
        -0.20454294979572296,
        0.13986824452877045,
