{
  "map_id": "floor_2 82489399050875",
  "pose_data": [
    {
      "id": 0,
      "pose": [
        -0.9999916553497314,
        -0.0036743050441145897,
        0.0018416441744193435,
        0,
        0.00411000894382596,
        -0.8939803838729858,
        0.44808733463287354,
        0,
        -1.567928009649222e-08,
        0.448091059923172,
        0.8939880132675171,
        0,
        0,
        0,
        0,
        1
      ],
      "timestamp": 81987.899050875,
      "planes": []
    },
    {
      "id": 1,
      "planes": [],
      "timestamp": 81988.399050875,
      "pose": [
        -0.9992648959159851,
        0.029766451567411423,
        0.02416086196899414,
        0,
        -0.019395845010876656,
        -0.9361262321472168,
        0.35112887620925903,
        0,
        0.03306947648525238,
        0.3504020869731903,
        0.9360154867172241,
        0,
        0,
        0,
        0,
        1
      ]
    },
    {
      "planes": [],
      "id": 2,
      "pose": [
        -0.9975825548171997,
        0.038034722208976746,
        0.058156922459602356,
        0,
        -0.01781175658106804,
        -0.9489060640335083,
        0.31505581736564636,
        0,
        0.06716851890087128,
        0.3132583498954773,
        0.9472896456718445,
        0,
        0.004660606384277344,
        -0.003980740904808044,
        -0.005926050711423159,
        1
      ],
      "timestamp": 81988.899050875
    },
    {
      "timestamp": 81989.399050875,
      "pose": [
        -0.977354109287262,
        -0.062376100569963455,
        -0.20220792293548584,
        0,
        0.03159811720252037,
        -0.9878740906715393,
        0.1520078182220459,
        0,
        -0.20923762023448944,
        0.14217609167099,
        0.9674737453460693,
        0,
        0.03775590658187866,
        0.058850277215242386,
        0.023080848157405853,
        0.9999999403953552
      ],
      "planes": [],
      "id": 3
    },
    {
      "id": 4,
      "pose": [
        -0.8670123815536499,
        -0.004536587744951248,
        -0.49826571345329285,
        0,
        -0.1344330906867981,
        -0.9607494473457336,
        0.24266907572746277,
        0,
        -0.4798094630241394,
        0.2773805260658264,
        0.8323718905448914,
        0,
        0.11111900955438614,
        0.048220448195934296,
        0.0771719217300415,
        0.9999999403953552
      ],
      "planes": [],
      "timestamp": 81989.899050875
    },
    {
      "pose": [
        -0.789551317691803,
        0.15931418538093567,
        -0.5926446318626404,
        0,
        -0.6019296050071716,
        -0.38915306329727173,
        0.6973094344139099,
        0,
        -0.11953821033239365,
        0.9072920680046082,
        0.4031522572040558,
        0,
        0.06852105259895325,
        -0.27556538581848145,
        0.24633029103279114,
        0.9999999403953552
      ],
      "id": 5,
      "timestamp": 81990.399050875,
      "planes": []
    },
    {
      "planes": [],
      "id": 6,
      "pose": [
        -0.7359000444412231,
        0.17219381034374237,
        -0.6548284292221069,
        0,
        -0.6682568192481995,
        -0.34041669964790344,
        0.6614750623703003,
        0,
        -0.10901263356208801,
        0.9243731498718262,
        0.3655824065208435,
        0,
        0.016099505126476288,
        -0.3069746792316437,
        0.2798057198524475,
        1
      ],
      "timestamp": 81990.899050875
    },
    {
      "planes": [],
      "pose": [
        -0.966856062412262,
        0.13309986889362335,
        -0.21788448095321655,
        0,
        -0.25531110167503357,
        -0.5118205547332764,
        0.820277988910675,
        0,
        -0.002338866703212261,
        0.8487191200256348,
        0.5288387537002563,
        0,
        -0.14454062283039093,
        -0.2286565750837326,
        0.2258153110742569,
        0.9999999403953552
      ],
      "id": 7,
      "timestamp": 81991.399050875
    },
    {
      "timestamp": 81991.899050875,
      "id": 8,
      "pose": [
        -0.4360837936401367,
        -0.016948183998465538,
        0.8997463583946228,
        0,
        0.7393923997879028,
        -0.5766639113426208,
        0.3475019335746765,
        0,
        0.5129618048667908,
        0.8168056607246399,
        0.2640051543712616,
        0,
        -0.7246562242507935,
        -0.18129388988018036,
        0.35890841484069824,
        0.9999999403953552
      ],
      "planes": []
    },
    {
      "planes": [],
      "timestamp": 81992.399050875,
      "id": 9,
      "pose": [
        0.46155136823654175,
        0.09497327357530594,
        0.8820149302482605,
        0,
        0.8403142094612122,
        -0.365473210811615,
        -0.40037646889686584,
        0,
        0.28432777523994446,
        0.9259640574455261,
        -0.2484920769929886,
        0,
        -1.1974209547042847,
        -0.26174405217170715,
        0.5928376913070679,
        1
      ]
    },
    {
      "timestamp": 81992.899050875,
      "id": 10,
      "planes": [],
      "pose": [
        0.7979133725166321,
        -0.09428270161151886,
        0.5953527092933655,
        0,
        0.5563868284225464,
        -0.26475098729133606,
        -0.787617027759552,
        0,
        0.23187889158725739,
        0.9596966505050659,
        -0.158790722489357,
        0,
        -1.60614812374115,
        -0.24547524750232697,
        0.9394201636314392,
        0.9999999403953552
      ]
    },
    {
      "id": 11,
      "pose": [
        0.4710840582847595,
        -0.11906231194734573,
        0.8740159273147583,
        0,
        0.7409607172012329,
        -0.4841970205307007,
        -0.4653283357620239,
        0,
        0.47859901189804077,
        0.8668202757835388,
        -0.13987699151039124,
        0,
        -1.9823904037475586,
        -0.23594114184379578,
        1.2502453327178955,
        1
      ],
      "planes": [],
      "timestamp": 81993.399050875
    },
    {
      "pose": [
        0.8675135970115662,
        -0.09136102348566055,
        0.48895108699798584,
        0,
        0.4029439687728882,
        -0.44726964831352234,
        -0.7984898090362549,
        0,
        0.29164382815361023,
        0.8897207975387573,
        -0.3511991500854492,
        0,
        -2.318225383758545,
        -0.23705482482910156,
        1.7484455108642578,
        1
      ],
      "planes": [],
      "id": 12,
      "timestamp": 81993.899050875
    },
    {
      "id": 13,
      "pose": [
        0.2849287688732147,
        -0.023767055943608284,
        0.9582539200782776,
        0,
        0.8550830483436584,
        -0.4454757273197174,
        -0.2653006911277771,
        0,
        0.43318429589271545,
        0.8949785232543945,
        -0.10660607367753983,
        0,
        -2.712955951690674,
        -0.23654890060424805,
        1.838079571723938,
        1
      ],
      "timestamp": 81994.399050875,
      "planes": []
    },
    {
      "planes": [],
      "pose": [
        0.39703133702278137,
        0.08997555822134018,
        0.9133840799331665,
        0,
        0.9020376801490784,
        -0.2219279706478119,
        -0.37023764848709106,
        0,
        0.1693931668996811,
        0.9709028601646423,
        -0.1692737191915512,
        0,
        -3.366316556930542,
        -0.2689674198627472,
        2.029635190963745,
        1
      ],
      "id": 14,
      "timestamp": 81994.899050875
    },
    {
      "planes": [],
      "pose": [
        -0.40425270795822144,
        0.021526234224438667,
        0.9143939018249512,
        0,
        0.8685044050216675,
        -0.3044913113117218,
        0.3911331593990326,
        0,
        0.2868446409702301,
        0.9522718191146851,
        0.10439581423997879,
        0,
        -3.873936653137207,
        -0.20342862606048584,
        2.0086278915405273,
        1
      ],
      "timestamp": 81995.399050875,
      "id": 15
    },
    {
      "timestamp": 81995.899050875,
      "id": 16,
      "planes": [],
      "pose": [
        -0.46445751190185547,
        0.045037057250738144,
        0.8844494223594666,
        0,
        0.8170567750930786,
        -0.3634492754936218,
        0.44757428765296936,
        0,
        0.3416099548339844,
        0.9305247664451599,
        0.132008895277977,
        0,
        -4.306324005126953,
        -0.2274179756641388,
        1.8484416007995605,
        1
      ]
    },
    {
      "id": 17,
      "timestamp": 81996.399050875,
      "pose": [
        -0.9991399049758911,
        -0.038166824728250504,
        0.016206813976168633,
        0,
        0.029363488778471947,
        -0.3752876818180084,
        0.9264432191848755,
        0,
        -0.029277175664901733,
        0.9261223077774048,
        0.3760856091976166,
        0,
        -4.320718288421631,
        -0.2450161874294281,
        1.8327269554138184,
        1.0000001192092896
      ],
      "planes": []
    },
    {
      "id": 18,
      "planes": [],
      "timestamp": 81996.899050875,
      "pose": [
        -0.9602388143539429,
        -0.09561754763126373,
        -0.26229482889175415,
        0,
        -0.2324354201555252,
        -0.24661323428153992,
        0.9408271312713623,
        0,
        -0.1546449512243271,
        0.9643853902816772,
        0.21458271145820618,
        0,
        -4.249455451965332,
        -0.25394681096076965,
        1.9457991123199463,
        1
      ]
    },
    {
      "planes": [],
      "id": 19,
      "timestamp": 81997.399050875,
      "pose": [
        -0.9602388143539429,
        -0.09561754763126373,
        -0.26229482889175415,
        0,
        -0.2324354201555252,
        -0.24661323428153992,
        0.9408271312713623,
        0,
        -0.1546449512243271,
        0.9643853902816772,
        0.21458271145820618,
        0,
        -4.249455451965332,
        -0.25394681096076965,
        1.9457991123199463,
        1
      ]
    },
    {
      "id": 20,
      "timestamp": 81997.899050875,
      "pose": [
        -0.9602388143539429,
        -0.09561754763126373,
        -0.26229482889175415,
        0,
        -0.2324354201555252,
        -0.24661323428153992,
        0.9408271312713623,
        0,
        -0.1546449512243271,
        0.9643853902816772,
        0.21458271145820618,
        0,
        -4.249455451965332,
        -0.25394681096076965,
        1.9457991123199463,
        1
      ],
      "planes": []
    },
    {
      "pose": [
        -0.922070324420929,
        0.19355247914791107,
        0.33514711260795593,
        0,
        0.3270386755466461,
        -0.07340699434280396,
        0.9421555995941162,
        0,
        0.20695866644382477,
        0.9783398509025574,
        0.00438727019354701,
        0,
        -0.04962441697716713,
        0.025351598858833313,
        -0.024236086755990982,
        1.0000001192092896
      ],
      "timestamp": 81998.399050875,
      "planes": [],
      "id": 21
    },
    {
      "pose": [
        -0.8146246671676636,
        0.05888606980443001,
        0.5769914388656616,
        0,
        0.5593799352645874,
        -0.1830676943063736,
        0.8084430694580078,
        0,
        0.15323452651500702,
        0.9813351035118103,
        0.11619177460670471,
        0,
        -0.34778741002082825,
        0.04045405983924866,
        0.024253197014331818,
        1
      ],
      "planes": [],
      "timestamp": 81998.899050875,
      "id": 22
    },
    {
      "planes": [],
      "pose": [
        -0.7831724286079407,
        0.09673028439283371,
        0.6142346262931824,
        0,
        0.5856230854988098,
        -0.21730348467826843,
        0.7809127569198608,
        0,
        0.20901323854923248,
        0.9712992906570435,
        0.11353860795497894,
        0,
        -0.39895346760749817,
        0.053214821964502335,
        0.023441817611455917,
        0.9999999403953552
      ],
      "id": 23,
      "timestamp": 81999.399050875
    },
    {
      "timestamp": 81999.899050875,
      "id": 24,
      "pose": [
        -0.8432551622390747,
        0.24720636010169983,
        0.4772939085960388,
        0,
        0.44134002923965454,
        -0.1884366273880005,
        0.8773314952850342,
        0,
        0.3068216145038605,
        0.9504633545875549,
        0.04979810491204262,
        0,
        -0.2811981737613678,
        0.024091457948088646,
        0.01615016534924507,
        1
      ],
      "planes": []
    },
    {
      "id": 25,
      "pose": [
        -0.8872498869895935,
        0.1360504925251007,
        0.4407695531845093,
        0,
        0.424425333738327,
        -0.13352371752262115,
        0.8955638408660889,
        0,
        0.18069511651992798,
        0.9816626906394958,
        0.060725629329681396,
        0,
        -0.1390531212091446,
        0.041997622698545456,
        -0.017951376736164093,
        1
      ],
      "planes": [],
      "timestamp": 82000.399050875
    },
    {
      "id": 26,
      "pose": [
        -0.8046600818634033,
        0.10988888889551163,
        0.5834778547286987,
        0,
        0.5809277296066284,
        -0.05730312690138817,
        0.8119354844093323,
        0,
        0.12265779078006744,
        0.9922906756401062,
        -0.017727961763739586,
        0,
        -0.3373846113681793,
        0.04502441734075546,
        0.013710509054362774,
        1.0000001192092896
      ],
      "planes": [],
      "timestamp": 82000.899050875
    },
    {
      "timestamp": 82001.399050875,
      "id": 27,
      "planes": [],
      "pose": [
        -0.5986502170562744,
        0.12793681025505066,
        0.790727436542511,
        0,
        0.7584039568901062,
        -0.22713495790958405,
        0.6109280586242676,
        0,
        0.25776204466819763,
        0.9654231071472168,
        0.038946617394685745,
        0,
        -0.617995023727417,
        0.048518575727939606,
        0.044484902173280716,
        1
      ]
    },
    {
      "timestamp": 82001.899050875,
      "planes": [],
      "id": 28,
      "pose": [
        0.13146023452281952,
        0.1847413182258606,
        0.9739550948143005,
        0,
        0.9855086207389832,
        -0.130593940615654,
        -0.10824842751026154,
        0,
        0.1071946918964386,
        0.974071741104126,
        -0.19923213124275208,
        0,
        -0.9784204959869385,
        -0.03406833857297897,
        0.14235787093639374,
        0.9999998807907104
      ]
    },
    {
      "timestamp": 82002.399050875,
      "planes": [],
      "pose": [
        0.7491465210914612,
        -0.06204953417181969,
        0.6594915986061096,
        0,
        0.6281136870384216,
        -0.2496362328529358,
        -0.7369904518127441,
        0,
        0.21036292612552643,
        0.9663496613502502,
        -0.14803998172283173,
        0,
        -1.481001615524292,
        0.10230126976966858,
        0.2466534674167633,
        1
      ],
      "id": 29
    },
    {
      "id": 30,
      "pose": [
        0.497963547706604,
        0.08210523426532745,
        0.8633023500442505,
        0,
        0.7733761668205261,
        -0.49242275953292847,
        -0.3992606997489929,
        0,
        0.39232832193374634,
        0.8664748072624207,
        -0.3087068498134613,
        0,
        -1.8988994359970093,
        0.1301131397485733,
        0.3004164397716522,
        1
      ],
      "planes": [],
      "timestamp": 82002.899050875
    },
    {
      "id": 31,
      "planes": [],
      "timestamp": 82003.399050875,
      "pose": [
        0.496650755405426,
        -0.0671563521027565,
        0.8653483986854553,
        0,
        0.7966853976249695,
        -0.36036649346351624,
        -0.48520955443382263,
        0,
        0.3444274961948395,
        0.9303902387619019,
        -0.12547384202480316,
        0,
        -2.3528835773468018,
        0.1829708069562912,
        0.27505922317504883,
        0.9999999403953552
      ]
    },
    {
      "planes": [],
      "pose": [
        0.43760618567466736,
        -0.06766174733638763,
        0.8966172933578491,
        0,
        0.8626375198364258,
        -0.2497444897890091,
        -0.43986842036247253,
        0,
        0.2536875009536743,
        0.9659448862075806,
        -0.05092218890786171,
        0,
        -2.8404929637908936,
        0.14909867942333221,
        0.3011012375354767,
        1
      ],
      "timestamp": 82003.899050875,
      "id": 32
    },
    {
      "pose": [
        0.30138152837753296,
        0.012980622239410877,
        0.9534150958061218,
        0,
        0.9311615228652954,
        -0.21919368207454681,
        -0.2913627028465271,
        0,
        0.20520050823688507,
        0.9755949378013611,
        -0.0781479999423027,
        0,
        -3.2789299488067627,
        0.10814664512872696,
        0.20088188350200653,
        0.9999998807907104
      ],
      "id": 33,
      "planes": [],
      "timestamp": 82004.399050875
    },
    {
      "planes": [],
      "pose": [
        0.39470940828323364,
        -0.19011463224887848,
        0.8989219069480896,
        0,
        0.8916243314743042,
        -0.15695710480213165,
        -0.42470023036003113,
        0,
        0.22183391451835632,
        0.9691340327262878,
        0.10755840688943863,
        0,
        -3.698397397994995,
        0.11381883919239044,
        0.06878342479467392,
        0.9999998807907104
      ],
      "id": 34,
      "timestamp": 82004.899050875
    },
    {
      "timestamp": 82005.399050875,
      "id": 35,
      "pose": [
        -0.15906327962875366,
        -0.67378830909729,
        0.7216010093688965,
        0,
        0.9130745530128479,
        -0.378387451171875,
        -0.1520458161830902,
        0,
        0.3754914700984955,
        0.6346906423568726,
        0.6754065155982971,
        0,
        -4.077737331390381,
        0.2732178270816803,
        -0.09376417100429535,
        1
      ],
      "planes": []
    },
    {
      "id": 36,
      "planes": [],
      "pose": [
        -0.11481121182441711,
        -0.3952266275882721,
        0.9113803505897522,
        0,
        0.8619211316108704,
        -0.49575182795524597,
        -0.10640573501586914,
        0,
        0.49387285113334656,
        0.7733215093612671,
        0.39757198095321655,
        0,
        -4.48649263381958,
        0.2948923408985138,
        -0.07748516649007797,
        1
      ],
      "timestamp": 82005.899050875
    },
    {
      "planes": [],
      "timestamp": 82006.399050875,
      "id": 37,
      "pose": [
        0.6580989956855774,
        -0.12710906565189362,
        0.742124617099762,
        0,
        0.5852856636047363,
        -0.5336861610412598,
        -0.6104260087013245,
        0,
        0.47365233302116394,
        0.8360756039619446,
        -0.2768231928348541,
        0,
        -4.978830337524414,
        0.23023274540901184,
        0.3179401755332947,
        1
      ]
    },
    {
      "pose": [
        0.6308028101921082,
        -0.07063327729701996,
        0.772721529006958,
        0,
        0.582062840461731,
        -0.6154645085334778,
        -0.5314192175865173,
        0,
        0.51311856508255,
        0.7849932909011841,
        -0.3471237123012543,
        0,
        -5.459534645080566,
        0.24638059735298157,
        0.5389430522918701,
        1
      ],
      "timestamp": 82006.899050875,
      "id": 38,
      "planes": []
    },
    {
      "planes": [],
      "timestamp": 82007.399050875,
      "id": 39,
      "pose": [
        0.9129357933998108,
        0.037498556077480316,
        0.40637657046318054,
        0,
        0.367927223443985,
        -0.5064619183540344,
        -0.7798243761062622,
        0,
        0.17657195031642914,
        0.8614466190338135,
        -0.47616395354270935,
        0,
        -5.819875240325928,
        0.19102072715759277,
        0.9245900511741638,
        1
      ]
    },
    {
      "pose": [
        0.6460599303245544,
        -0.058113377541303635,
        0.7610712051391602,
        0,
        0.6255893707275391,
        -0.53095942735672,
        -0.5715944766998291,
        0,
        0.4373152256011963,
        0.8454023599624634,
        -0.3066765069961548,
        0,
        -6.259151458740234,
        0.21944478154182434,
        1.250500202178955,
        1
      ],
      "timestamp": 82007.899050875,
      "id": 40,
      "planes": []
    },
    {
      "timestamp": 82008.399050875,
      "planes": [],
      "pose": [
        0.8927754163742065,
        -0.003216604935005307,
        0.4504903256893158,
        0,
        0.3795132637023926,
        -0.5334323644638062,
        -0.7559229731559753,
        0,
        0.24273765087127686,
        0.8458366394042969,
        -0.4750145673751831,
        0,
        -6.654067516326904,
        0.18551591038703918,
        1.7222317457199097,
        0.9999999403953552
      ],
      "id": 41
    },
    {
      "id": 42,
      "timestamp": 82008.899050875,
      "planes": [],
      "pose": [
        0.6229346990585327,
        -0.08417245000600815,
        0.7777320742607117,
        0,
        0.594053328037262,
        -0.595954418182373,
        -0.5403137803077698,
        0,
        0.5089723467826843,
        0.79859459400177,
        -0.321237713098526,
        0,
        -7.110891342163086,
        0.21347928047180176,
        2.074676513671875,
        1
      ]
    },
    {
      "timestamp": 82009.399050875,
      "pose": [
        0.4659613370895386,
        -0.01620786264538765,
        0.884656548500061,
        0,
        0.6870685815811157,
        -0.6233592629432678,
        -0.37330949306488037,
        0,
        0.5575094223022461,
        0.7817676067352295,
        -0.2793254256248474,
        0,
        -7.591286659240723,
        0.21012145280838013,
        2.387139320373535,
        1
      ],
      "id": 43,
      "planes": []
    },
    {
      "pose": [
        0.18185210227966309,
        -0.018473753705620766,
        0.9831522703170776,
        0,
        0.3751346468925476,
        -0.9229040741920471,
        -0.08672972768545151,
        0,
        0.9089574813842773,
        0.38458648324012756,
        -0.16090191900730133,
        0,
        -8.084064483642578,
        0.40485337376594543,
        2.6884653568267822,
        1
      ],
      "planes": [],
      "id": 44,
      "timestamp": 82009.899050875
    },
    {
      "planes": [],
      "timestamp": 82010.399050875,
      "pose": [
        -0.19974234700202942,
        0.037897881120443344,
        0.9791151881217957,
        0,
        0.10430673509836197,
        -0.9927514791488647,
        0.05970456823706627,
        0,
        0.9742807745933533,
        0.11405386030673981,
        0.1943415254354477,
        0,
        -8.405391693115234,
        0.4865010678768158,
        2.7858686447143555,
        0.9999999403953552
      ],
      "id": 45
    },
    {
      "planes": [],
      "id": 46,
      "pose": [
        -0.2820628881454468,
        0.014929261058568954,
        0.9592797756195068,
        0,
        0.0940309390425682,
        -0.994634747505188,
        0.043127983808517456,
        0,
        0.9547768235206604,
        0.10236678272485733,
        0.279145747423172,
        0,
        -8.588112831115723,
        0.5218185186386108,
        2.9151175022125244,
        1.0000001192092896
      ],
      "timestamp": 82010.899050875
    },
    {
      "pose": [
        -0.36706942319869995,
        -0.010778257623314857,
        0.9301310181617737,
        0,
        0.0715239942073822,
        -0.9972996115684509,
        0.016669822856783867,
        0,
        0.9274396300315857,
        0.07264567166566849,
        0.3668491244316101,
        0,
        -8.63204288482666,
        0.5473787188529968,
        2.9782016277313232,
        1
      ],
      "id": 47,
      "timestamp": 82011.399050875,
      "planes": []
    },
    {
      "id": 48,
      "planes": [],
      "timestamp": 82011.899050875,
      "pose": [
        -0.376076877117157,
        -0.02590363100171089,
        0.9262262582778931,
        0,
        0.07014495134353638,
        -0.9975366592407227,
        0.0005830895970575511,
        0,
        0.9239295125007629,
        0.06518938392400742,
        0.37696754932403564,
        0,
        -8.62449836730957,
        0.5527485609054565,
        2.9748687744140625,
        1
      ]
    },
    {
      "id": 49,
      "timestamp": 82012.399050875,
      "planes": [],
      "pose": [
        -0.3636920750141144,
        -0.011348599568009377,
        0.9314500093460083,
        0,
        0.05898101627826691,
        -0.9981999397277832,
        0.010867740958929062,
        0,
        0.929650068283081,
        0.05889037996530533,
        0.3637067675590515,
        0,
        -8.617425918579102,
        0.5516482591629028,
        2.958513021469116,
        1
      ]
    },
    {
      "planes": [],
      "id": 50,
      "timestamp": 82012.899050875,
      "pose": [
        -0.3609565198421478,
        -0.010372214950621128,
        0.9325248599052429,
        0,
        0.06250572204589844,
        -0.997958779335022,
        0.013094349764287472,
        0,
        0.9304855465888977,
        0.06301463395357132,
        0.36086803674697876,
        0,
        -8.612829208374023,
        0.5494337677955627,
        2.950066089630127,
        1
      ]
    },
    {
      "pose": [
        -0.35360515117645264,
        -0.009417800232768059,
        0.935347318649292,
        0,
        0.05668826773762703,
        -0.9983270764350891,
        0.01137889176607132,
        0,
        0.9336754083633423,
        0.05704685300588608,
        0.35354748368263245,
        0,
        -8.616693496704102,
        0.5510064363479614,
        2.9468958377838135,
        1
      ],
      "planes": [],
      "timestamp": 82013.399050875,
      "id": 51
    },
    {
      "id": 52,
      "timestamp": 82013.899050875,
      "planes": [],
      "pose": [
        -0.3591119945049286,
        -0.010446058586239815,
        0.9332359433174133,
        0,
        0.06168165057897568,
        -0.9980168342590332,
        0.01256410963833332,
        0,
        0.931253969669342,
        0.06207546219229698,
        0.3590441346168518,
        0,
        -8.618973731994629,
        0.5499927401542664,
        2.943605422973633,
        0.9999999403953552
      ]
    },
    {
      "timestamp": 82014.399050875,
      "id": 53,
      "pose": [
        -0.3584582507610321,
        -0.0158079881221056,
        0.9334118366241455,
        0,
        0.060221485793590546,
        -0.9981656670570374,
        0.0062222229316830635,
        0,
        0.931601345539093,
        0.05844185873866081,
        0.35875266790390015,
        0,
        -8.635187149047852,
        0.5467610955238342,
        2.9436495304107666,
        1.0000001192092896
      ],
      "planes": []
    },
    {
      "id": 54,
      "pose": [
        -0.30243730545043945,
        -0.0656733289361,
        0.9509040117263794,
        0,
        0.3088357448577881,
        -0.9505573511123657,
        0.0325765497982502,
        0,
        0.9017494916915894,
        0.30352553725242615,
        0.30776625871658325,
        0,
        -8.707723617553711,
        0.4565049409866333,
        3.030259370803833,
        0.9999999403953552
      ],
      "planes": [],
      "timestamp": 82014.899050875
    },
    {
      "planes": [],
      "timestamp": 82015.399050875,
      "id": 55,
      "pose": [
        -0.12483114004135132,
        -0.08165223151445389,
        0.9888123869895935,
        0,
        0.5023068785667419,
        -0.8646525740623474,
        -0.007986624725162983,
        0,
        0.8556312322616577,
        0.49569034576416016,
        0.1489500254392624,
        0,
        -8.979804992675781,
        0.30354562401771545,
        3.0970563888549805,
        0.9999999403953552
      ]
    },
    {
      "timestamp": 82015.899050875,
      "id": 56,
      "pose": [
        0.5111417174339294,
        -0.08662747591733932,
        0.8551197648048401,
        0,
        0.5825037360191345,
        -0.6966548562049866,
        -0.4187617301940918,
        0,
        0.6319996118545532,
        0.7121570706367493,
        -0.30562853813171387,
        0,
        -9.296387672424316,
        0.2658410668373108,
        3.299926280975342,
        0.9999999403953552
      ],
      "planes": []
    },
    {
      "id": 57,
      "planes": [],
      "timestamp": 82016.399050875,
      "pose": [
        0.9221799969673157,
        0.005516916513442993,
        0.38672158122062683,
        0,
        0.24338288605213165,
        -0.785373330116272,
        -0.5691691040992737,
        0,
        0.3005807101726532,
        0.6189978122711182,
        -0.7255982160568237,
        0,
        -9.272222518920898,
        0.2634965777397156,
        3.682187795639038,
        1
      ]
    },
    {
      "planes": [],
      "timestamp": 82016.899050875,
      "id": 58,
      "pose": [
        0.6131463646888733,
        0.03862810507416725,
        -0.7890241742134094,
        0,
        -0.5028027296066284,
        -0.7512844204902649,
        -0.4275057315826416,
        0,
        -0.6092953085899353,
        0.6588471531867981,
        -0.4412250518798828,
        0,
        -8.764116287231445,
        0.24212348461151123,
        4.059261322021484,
        0.9999999403953552
      ]
    },
    {
      "id": 59,
      "timestamp": 82017.399050875,
      "pose": [
        0.1836657077074051,
        0.07936128228902817,
        -0.979779839515686,
        0,
        -0.4565163254737854,
        -0.8758394718170166,
        -0.15651898086071014,
        0,
        -0.870551347732544,
        0.47603267431259155,
        -0.12463196367025375,
        0,
        -8.278707504272461,
        0.32970142364501953,
        4.397739410400391,
        1
      ],
      "planes": []
    },
    {
      "pose": [
        0.13293644785881042,
        -0.08915025740861893,
        -0.9871069192886353,
        0,
        -0.38275793194770813,
        -0.9232997894287109,
        0.031840454787015915,
        0,
        -0.9142341613769531,
        0.37359026074409485,
        -0.15686316788196564,
        0,
        -7.845286846160889,
        0.44036000967025757,
        4.70513391494751,
        1
      ],
      "timestamp": 82017.899050875,
      "planes": [],
      "id": 60
    },
    {
      "id": 61,
      "planes": [],
      "pose": [
        -0.4073616564273834,
        -0.03404569998383522,
        -0.9126319885253906,
        0,
        -0.10787397623062134,
        -0.9905154705047607,
        0.08510167896747589,
        0,
        -0.9068735837936401,
        0.13311642408370972,
        0.39982542395591736,
        0,
        -7.334100246429443,
        0.5154131054878235,
        4.9546380043029785,
        1
      ],
      "timestamp": 82018.399050875
    },
    {
      "planes": [],
      "pose": [
        -0.8012769222259521,
        -0.023304948583245277,
        -0.59783935546875,
        0,
        -0.02770885080099106,
        -0.9967234134674072,
        0.07599207013845444,
        0,
        -0.597651481628418,
        0.07745614647865295,
        0.7980057597160339,
        0,
        -6.926016330718994,
        0.5841400027275085,
        4.9467291831970215,
        0.9999999403953552
      ],
      "timestamp": 82018.899050875,
      "id": 62
    },
    {
      "timestamp": 82019.399050875,
      "planes": [],
      "pose": [
        -0.891426146030426,
        -0.03633943572640419,
        -0.4517064392566681,
        0,
        0.024748774245381355,
        -0.99919593334198,
        0.03154373914003372,
        0,
        -0.45248955488204956,
        0.016939735040068626,
        0.8916087746620178,
        0,
        -6.720753192901611,
        0.6390917897224426,
        4.92987585067749,
        1
      ],
      "id": 63
    },
    {
      "planes": [],
      "timestamp": 82019.899050875,
      "id": 64,
      "pose": [
        -0.8931488990783691,
        -0.042870182543992996,
        -0.44771310687065125,
        0,
        0.028359603136777878,
        -0.9988340735435486,
        0.039067093282938004,
        0,
        -0.44886595010757446,
        0.022195765748620033,
        0.8933233022689819,
        0,
        -6.71886682510376,
        0.635656476020813,
        4.878493309020996,
        0.9999999403953552
      ]
    },
    {
      "timestamp": 82020.399050875,
      "id": 65,
      "planes": [],
      "pose": [
        -0.8872426152229309,
        -0.014992428943514824,
        -0.4610593020915985,
        0,
        0.00482499785721302,
        -0.9997187256813049,
        0.023223185911774635,
        0,
        -0.4612777829170227,
        0.01837999001145363,
        0.8870653510093689,
        0,
        -6.741189479827881,
        0.6277551651000977,
        4.845156669616699,
        0.9999998807907104
      ]
    },
    {
      "timestamp": 82020.899050875,
      "planes": [],
      "pose": [
        -0.8944546580314636,
        -0.02276783250272274,
        -0.4465785324573517,
        0,
        0.013686791993677616,
        -0.9996289610862732,
        0.023550547659397125,
        0,
        -0.4469490051269531,
        0.014952669851481915,
        0.8944343328475952,
        0,
        -6.743170738220215,
        0.6299026608467102,
        4.844667911529541,
        0.9999998807907104
      ],
      "id": 66
    },
    {
      "timestamp": 82021.399050875,
      "id": 67,
      "pose": [
        -0.892523467540741,
        -0.02052745781838894,
        -0.45053330063819885,
        0,
        0.013733779080212116,
        -0.9997373819351196,
        0.018343470990657806,
        0,
        -0.450791597366333,
        0.010184455662965775,
        0.8925710916519165,
        0,
        -6.745626449584961,
        0.6296502351760864,
        4.84657621383667,
        0.9999999403953552
      ],
      "planes": []
    },
    {
      "timestamp": 82021.899050875,
      "pose": [
        -0.8753257989883423,
        -0.009940296411514282,
        -0.48343124985694885,
        0,
        -8.581923611927778e-05,
        -0.9997854232788086,
        0.020712940022349358,
        0,
        -0.48353347182273865,
        0.018172061070799828,
        0.8751371502876282,
        0,
        -6.72767972946167,
        0.6136741638183594,
        4.8683085441589355,
        0.9999998807907104
      ],
      "id": 68,
      "planes": []
    },
    {
      "timestamp": 82022.399050875,
      "planes": [],
      "pose": [
        -0.46845513582229614,
        0.09665780514478683,
        -0.878183901309967,
        0,
        -0.13694092631340027,
        -0.9899281859397888,
        -0.03590774163603783,
        0,
        -0.8728098273277283,
        0.10343817621469498,
        0.47697335481643677,
        0,
        -6.397866249084473,
        0.488520085811615,
        5.1885762214660645,
        0.9999999403953552
      ],
      "id": 69
    },
    {
      "timestamp": 82022.899050875,
      "id": 70,
      "planes": [],
      "pose": [
        0.21638838946819305,
        -0.04003140330314636,
        -0.975486159324646,
        0,
        -0.3657037317752838,
        -0.9297388195991516,
        -0.04296860843896866,
        0,
        -0.9052274227142334,
        0.36603686213493347,
        -0.21582435071468353,
        0,
        -6.011876106262207,
        0.40891510248184204,
        5.587627410888672,
        1
      ]
    },
    {
      "pose": [
        0.6103643178939819,
        -0.07671744376420975,
        -0.788396954536438,
        0,
        -0.3804682791233063,
        -0.9013656973838806,
        -0.20684227347373962,
        0,
        -0.6947655081748962,
        0.4262092113494873,
        -0.5793501138687134,
        0,
        -5.5234456062316895,
        0.3936362564563751,
        5.794606685638428,
        0.9999999403953552
      ],
      "planes": [],
      "timestamp": 82023.399050875,
      "id": 71
    },
    {
      "pose": [
        0.34320515394210815,
        -0.016578571870923042,
        -0.9391141533851624,
        0,
        -0.3731417953968048,
        -0.9199645519256592,
        -0.12012649327516556,
        0,
        -0.8619601130485535,
        0.3916507661342621,
        -0.32192277908325195,
        0,
        -4.902173042297363,
        0.34581223130226135,
        6.0099568367004395,
        1
      ],
      "id": 72,
      "planes": [],
      "timestamp": 82023.899050875
    },
    {
      "pose": [
        0.37200066447257996,
        -0.027197612449526787,
        -0.9278338551521301,
        0,
        -0.4036903977394104,
        -0.9048313498497009,
        -0.13533009588718414,
        0,
        -0.8358525633811951,
        0.42490053176879883,
        -0.3475773334503174,
        0,
        -4.314028263092041,
        0.30700239539146423,
        6.255023956298828,
        1
      ],
      "id": 73,
      "timestamp": 82024.399050875,
      "planes": []
    },
    {
      "timestamp": 82024.899050875,
      "planes": [],
      "id": 74,
      "pose": [
        0.5908250212669373,
        -0.0754798948764801,
        -0.8032611012458801,
        0,
        -0.5142828226089478,
        -0.8023583292961121,
        -0.30287691950798035,
        0,
        -0.6216421127319336,
        0.5920506715774536,
        -0.5128714442253113,
        0,
        -3.8320956230163574,
        0.22915172576904297,
        6.618819713592529,
        1
      ]
    },
    {
      "pose": [
        0.16373564302921295,
        -0.052258022129535675,
        -0.985119104385376,
        0,
        -0.5318253636360168,
        -0.8457345366477966,
        -0.04353012517094612,
        0,
        -0.8308744430541992,
        0.5310388207435608,
        -0.16626903414726257,
        0,
        -3.1354167461395264,
        0.22349292039871216,
        6.86146354675293,
        1
      ],
      "id": 75,
      "planes": [],
      "timestamp": 82025.399050875
    },
    {
      "id": 76,
      "planes": [],
      "pose": [
        0.6558414101600647,
        -0.026925915852189064,
        -0.7544181942939758,
        0,
        -0.38460153341293335,
        -0.8718562722206116,
        -0.30322974920272827,
        0,
        -0.6495795845985413,
        0.48902106285095215,
        -0.5821552872657776,
        0,
        -2.6695077419281006,
        0.19245362281799316,
        7.245815753936768,
        0.9999999403953552
      ],
      "timestamp": 82025.899050875
    },
    {
      "timestamp": 82026.399050875,
      "planes": [],
      "id": 77,
      "pose": [
        0.1344689577817917,
        -0.1347954124212265,
        -0.9817067980766296,
        0,
        -0.5759913325309753,
        -0.8167791366577148,
        0.03325343877077103,
        0,
        -0.806320071220398,
        0.5609830617904663,
        -0.1874724179506302,
        0,
        -1.96712327003479,
        0.20351293683052063,
        7.498671531677246,
        1
      ]
    },
    {
      "planes": [],
      "timestamp": 82026.899050875,
      "id": 78,
      "pose": [
        0.583895742893219,
        -0.040707435458898544,
        -0.810807466506958,
        0,
        -0.45010870695114136,
        -0.8474112153053284,
        -0.2815965712070465,
        0,
        -0.6756241321563721,
        0.5293744802474976,
        -0.5131226181983948,
        0,
        -1.460402488708496,
        0.16320021450519562,
        7.890751361846924,
        1.0000001192092896
      ]
    },
    {
      "pose": [
        -0.0545596219599247,
        0.0073952279053628445,
        -0.9984830021858215,
        0,
        -0.5474172234535217,
        -0.8365236520767212,
        0.023716576397418976,
        0,
