{
  "pose_data": [
    {
      "id": 0,
      "planes": [],
      "pose": [
        0.9776394367218018,
        -0.08474435657262802,
        0.1924566775560379,
        0,
        0.21028833091259003,
        0.39398011565208435,
        -0.8947393298149109,
        0,
        7.124444589834411e-09,
        0.9152038097381592,
        0.40299123525619507,
        0,
        0,
        0,
        0,
        1
      ],
      "timestamp": 10521.895807416
    },
    {
      "pose": [
        0.9702598452568054,
        -0.10432582348585129,
        0.2184305489063263,
        0,
        0.2420179843902588,
        0.4001726806163788,
        -0.8839055895805359,
        0,
        0.004804251715540886,
        0.9104822278022766,
        0.4135202169418335,
        0,
        0,
        0,
        0,
        1
      ],
      "timestamp": 10522.395807416,
      "id": 1,
      "planes": []
    },
    {
      "timestamp": 10522.895807416,
      "id": 2,
      "planes": [],
      "pose": [
        0.9831748604774475,
        -0.10823824256658554,
        0.1471443474292755,
        0,
        0.1790526807308197,
        0.4116170406341553,
        -0.8935946822166443,
        0,
        0.036153990775346756,
        0.9049065709114075,
        0.42407190799713135,
        0,
        0.0001400051696691662,
        0.005247985944151878,
        0.004075035452842712,
        0.9999999403953552
      ]
    },
    {
      "timestamp": 10523.395807416,
      "planes": [],
      "pose": [
        0.9951167106628418,
        -0.0565514862537384,
        0.08089884370565414,
        0,
        0.09621300548315048,
        0.3727337419986725,
        -0.9229369759559631,
        0,
        0.022039737552404404,
        0.9262135028839111,
        0.37635454535484314,
        0,
        -0.07326789945363998,
        -0.028750918805599213,
        0.0098637156188488,
        0.9999999403953552
      ],
      "id": 3
    },
    {
      "timestamp": 10523.895807416,
      "id": 4,
      "pose": [
        0.9272081255912781,
        -0.0055313389748334885,
        0.3745056390762329,
        0,
        0.2318335920572281,
        0.7938034534454346,
        -0.5622537732124329,
        0,
        -0.29417386651039124,
        0.6081492304801941,
        0.7373034358024597,
        0,
        -0.14464151859283447,
        0.1607314795255661,
        -0.08066432923078537,
        1
      ],
      "planes": []
    },
    {
      "timestamp": 10524.395807416,
      "planes": [],
      "id": 5,
      "pose": [
        0.7890629172325134,
        -0.013820813968777657,
        0.6141568422317505,
        0,
        0.2269926220178604,
        0.9355524778366089,
        -0.2705845534801483,
        0,
        -0.5708361864089966,
        0.35291731357574463,
        0.7413469552993774,
        0,
        -0.15785878896713257,
        0.29425302147865295,
        -0.11793156713247299,
        1
      ]
    },
    {
      "pose": [
        0.7625056505203247,
        -0.03984248265624046,
        0.6457535624504089,
        0,
        0.1518683135509491,
        0.9812371134757996,
        -0.11878453195095062,
        0,
        -0.6289047002792358,
        0.18864338099956512,
        0.7542496919631958,
        0,
        -0.11144699156284332,
        0.3447014093399048,
        -0.14283622801303864,
        1.0000001192092896
      ],
      "id": 6,
      "planes": [],
      "timestamp": 10524.895807416
    },
    {
      "id": 7,
      "planes": [],
      "timestamp": 10525.395807416,
      "pose": [
        0.7114906311035156,
        -0.021360229700803757,
        0.702370822429657,
        0,
        0.1646399199962616,
        0.9767829179763794,
        -0.1370721161365509,
        0,
        -0.683135986328125,
        0.21316379308700562,
        0.698488712310791,
        0,
        -0.08917851001024246,
        0.334778755903244,
        -0.19183790683746338,
        1
      ]
    },
    {
      "pose": [
        0.6908732056617737,
        -0.033364586532115936,
        0.7222055792808533,
        0,
        0.16758757829666138,
        0.9791170358657837,
        -0.1150834932923317,
        0,
        -0.7032840251922607,
        0.20054079592227936,
        0.6820372939109802,
        0,
        -0.13543277978897095,
        0.34807226061820984,
        -0.23991012573242188,
        1
      ],
      "planes": [],
      "id": 8,
      "timestamp": 10525.895807416
    },
    {
      "planes": [],
      "pose": [
        0.6602527499198914,
        -0.01655452884733677,
        0.7508609294891357,
        0,
        0.16070449352264404,
        0.979715883731842,
        -0.11971169710159302,
        0,
        -0.7336487174034119,
        0.19970670342445374,
        0.6495204567909241,
        0,
        -0.16050827503204346,
        0.3490004241466522,
        -0.24554486572742462,
        0.9999999403953552
      ],
      "timestamp": 10526.395807416,
      "id": 9
    },
    {
      "id": 10,
      "pose": [
        0.6215335726737976,
        0.005797904450446367,
        0.7833660840988159,
        0,
        0.1503739356994629,
        0.9804941415786743,
        -0.12656567990779877,
        0,
        -0.7688196301460266,
        0.19646266102790833,
        0.6085382103919983,
        0,
        -0.16749770939350128,
        0.3452776074409485,
        -0.2361525297164917,
        1
      ],
      "planes": [],
      "timestamp": 10526.895807416
    },
    {
      "id": 11,
      "timestamp": 10527.395807416,
      "planes": [],
      "pose": [
        0.6054667830467224,
        0.009517365135252476,
        0.7958135604858398,
        0,
        0.14268821477890015,
        0.9824286103248596,
        -0.12030845880508423,
        0,
        -0.7829750776290894,
        0.18639598786830902,
        0.5934699177742004,
        0,
        -0.2153589129447937,
        0.34399712085723877,
        -0.2532987594604492,
        1
      ]
    },
    {
      "timestamp": 10527.895807416,
      "planes": [],
      "pose": [
        0.5745471715927124,
        0.017034288495779037,
        0.8182941675186157,
        0,
        0.14831198751926422,
        0.9810653328895569,
        -0.12455666810274124,
        0,
        -0.8049217462539673,
        0.19292651116847992,
        0.5611419677734375,
        0,
        -0.2510767877101898,
        0.34074610471725464,
        -0.284018874168396,
        1
      ],
      "id": 12
    },
    {
      "planes": [],
      "pose": [
        0.5595009326934814,
        0.024021221324801445,
        0.8284814953804016,
        0,
        0.14998465776443481,
        0.9801430702209473,
        -0.12970814108848572,
        0,
        -0.8151462078094482,
        0.1968313455581665,
        0.5447881817817688,
        0,
        -0.27151963114738464,
        0.3372759222984314,
        -0.31900694966316223,
        1
      ],
      "timestamp": 10528.395807416,
      "id": 13
    },
    {
      "planes": [],
      "id": 14,
      "pose": [
        0.558107316493988,
        0.03167890012264252,
        0.8291637897491455,
        0,
        0.18712060153484344,
        0.9687257409095764,
        -0.1629612296819687,
        0,
        -0.808394730091095,
        0.24610348045825958,
        0.5347251892089844,
        0,
        -0.2570521831512451,
        0.3170807361602783,
        -0.3828209340572357,
        0.9999999403953552
      ],
      "timestamp": 10528.895807416
    },
    {
      "id": 15,
      "pose": [
        0.8169059157371521,
        -0.02449510619044304,
        0.5762505531311035,
        0,
        0.2727157175540924,
        0.896761953830719,
        -0.3484887182712555,
        0,
        -0.5082232356071472,
        0.44183504581451416,
        0.7392503023147583,
        0,
        -0.22339072823524475,
        0.2302260547876358,
        -0.6424775719642639,
        1
      ],
      "timestamp": 10529.395807416,
      "planes": []
    },
    {
      "pose": [
        0.9977884888648987,
        -0.007412242703139782,
        0.06605455279350281,
        0,
        0.044839587062597275,
        0.8086462020874023,
        -0.5865840315818787,
        0,
        -0.049066852778196335,
        0.5882486701011658,
        0.8071901798248291,
        0,
        -0.3525505065917969,
        0.1557341068983078,
        -0.9219721555709839,
        1
      ],
      "timestamp": 10529.895807416,
      "id": 16,
      "planes": []
    },
    {
      "timestamp": 10530.395807416,
      "id": 17,
      "pose": [
        0.9957135319709778,
        0.007371160667389631,
        -0.09219586104154587,
        0,
        -0.06256455928087234,
        0.7878286838531494,
        -0.6127084493637085,
        0,
        0.06811817735433578,
        0.6158503293991089,
        0.7849129438400269,
        0,
        -0.499726265668869,
        0.1555304080247879,
        -1.317857027053833,
        1
      ],
      "planes": []
    },
    {
      "planes": [],
      "timestamp": 10530.895807416,
      "id": 18,
      "pose": [
        0.9861820340156555,
        -0.015171008184552193,
        -0.16496869921684265,
        0,
        -0.09410548955202103,
        0.7682366967201233,
        -0.6332112550735474,
        0,
        0.13634149730205536,
        0.6399860978126526,
        0.7561936378479004,
        0,
        -0.5513179898262024,
        0.12753063440322876,
        -1.7931360006332397,
        1
      ]
    },
    {
      "pose": [
        0.9429956674575806,
        0.01824810542166233,
        -0.3323041796684265,
        0,
        -0.22281819581985474,
        0.7762978672981262,
        -0.5896726250648499,
        0,
        0.24720662832260132,
        0.6301021575927734,
        0.736111581325531,
        0,
        -0.7079172134399414,
        0.1124267429113388,
        -2.2498745918273926,
        0.9999999403953552
      ],
      "timestamp": 10531.395807416,
      "id": 19,
      "planes": []
    },
    {
      "id": 20,
      "pose": [
        0.9887142777442932,
        -0.06065674126148224,
        -0.1369844675064087,
        0,
        -0.04326943680644035,
        0.7597810626029968,
        -0.6487376093864441,
        0,
        0.14342853426933289,
        0.6473433971405029,
        0.7485818266868591,
        0,
        -0.7957540154457092,
        0.11383256316184998,
        -2.8186051845550537,
        0.9999999403953552
      ],
      "timestamp": 10531.895807416,
      "planes": []
    },
    {
      "planes": [],
      "timestamp": 10532.395807416,
      "id": 21,
      "pose": [
        0.9617559313774109,
        -0.005175752565264702,
        -0.2738587260246277,
        0,
        -0.17535167932510376,
        0.7564488649368286,
        -0.6301087141036987,
        0,
        0.2104213982820511,
        0.6540324091911316,
        0.7266116142272949,
        0,
        -0.9267423748970032,
        0.12068918347358704,
        -3.3419029712677,
        0.9999999403953552
      ]
    },
    {
      "id": 22,
      "pose": [
        0.9978129863739014,
        -0.04443243518471718,
        -0.048938047140836716,
        0,
        0.0025435907300561666,
        0.7656289935112,
        -0.6432774066925049,
        0,
        0.06605073064565659,
        0.6417460441589355,
        0.764067530632019,
        0,
        -0.9973083138465881,
        0.13642334938049316,
        -3.9174365997314453,
        0.9999998807907104
      ],
      "timestamp": 10532.895807416,
      "planes": []
    },
    {
      "id": 23,
      "timestamp": 10533.395807416,
      "planes": [],
      "pose": [
        0.9775322079658508,
        -0.04691068455576897,
        -0.205499529838562,
        0,
        -0.08984316885471344,
        0.7892012596130371,
        -0.6075274348258972,
        0,
        0.19067998230457306,
        0.6123403906822205,
        0.7672551274299622,
        0,
        -1.1209837198257446,
        0.1459946185350418,
        -4.479659080505371,
        0.9999999403953552
      ]
    },
    {
      "planes": [],
      "id": 24,
      "timestamp": 10533.895807416,
      "pose": [
        0.9916223287582397,
        0.022600222378969193,
        -0.12717804312705994,
        0,
        -0.0960044264793396,
        0.7876582741737366,
        -0.6085866093635559,
        0,
        0.08641867339611053,
        0.6156977415084839,
        0.7832292914390564,
        0,
        -1.2783057689666748,
        0.12361893057823181,
        -5.047854900360107,
        0.9999999403953552
      ]
    },
    {
      "id": 25,
      "pose": [
        0.9917141199111938,
        -0.08344146609306335,
        -0.09767551720142365,
        0,
        0.010100113227963448,
        0.8086249828338623,
        -0.5882377028465271,
        0,
        0.128066286444664,
        0.5823771953582764,
        0.8027676939964294,
        0,
        -1.354767918586731,
        0.12416064739227295,
        -5.607795715332031,
        1
      ],
      "timestamp": 10534.395807416,
      "planes": []
    },
    {
      "planes": [],
      "timestamp": 10534.895807416,
      "pose": [
        0.9792528748512268,
        0.0009090914973057806,
        -0.2026396244764328,
        0,
        -0.11217556148767471,
        0.8352287411689758,
        -0.5383396744728088,
        0,
        0.16876102983951569,
        0.5499019026756287,
        0.8180022239685059,
        0,
        -1.478340744972229,
        0.14031893014907837,
        -6.1466546058654785,
        1
      ],
      "id": 26
    },
    {
      "pose": [
        0.9958153367042542,
        -0.08180057257413864,
        0.040748484432697296,
        0,
        0.09070217609405518,
        0.8301307559013367,
        -0.5501419305801392,
        0,
        0.011175359599292278,
        0.5515357851982117,
        0.8340764045715332,
        0,
        -1.4848976135253906,
        0.16318650543689728,
        -6.7426228523254395,
        1
      ],
      "id": 27,
      "planes": [],
      "timestamp": 10535.395807416
    },
    {
      "planes": [],
      "id": 28,
      "timestamp": 10535.895807416,
      "pose": [
        0.9762135744094849,
        0.0013655206421390176,
        -0.21680669486522675,
        0,
        -0.12828806042671204,
        0.8097769021987915,
        -0.5725412964820862,
        0,
        0.17478324472904205,
        0.5867363214492798,
        0.7906904220581055,
        0,
        -1.5917552709579468,
        0.15530435740947723,
        -7.288573741912842,
        1
      ]
    },
    {
      "pose": [
        0.9996572136878967,
        -0.022235743701457977,
        0.013821062631905079,
        0,
        0.02614823542535305,
        0.8214997053146362,
        -0.5696094036102295,
        0,
        0.0013116797199472785,
        0.5697755217552185,
        0.8217995166778564,
        0,
        -1.5845727920532227,
        0.17699316143989563,
        -7.899899482727051,
        1
      ],
      "planes": [],
      "id": 29,
      "timestamp": 10536.395807416
    },
    {
      "planes": [],
      "timestamp": 10536.895807416,
      "pose": [
        0.998145580291748,
        -0.03277080878615379,
        0.05129685252904892,
        0,
        0.053495343774557114,
        0.8743410706520081,
        -0.48235467076301575,
        0,
        -0.02904381789267063,
        0.48420435190200806,
        0.8744727969169617,
        0,
        -1.5727235078811646,
        0.21993784606456757,
        -8.475045204162598,
        1
      ],
      "id": 30
    },
    {
      "planes": [],
      "id": 31,
      "pose": [
        0.9854704141616821,
        -0.005410498008131981,
        0.16976049542427063,
        0,
        0.059788670390844345,
        0.9465697407722473,
        -0.3169085383415222,
        0,
        -0.1589755266904831,
        0.3224537670612335,
        0.9331400394439697,
        0,
        -1.6505541801452637,
        0.28855717182159424,
        -8.981770515441895,
        1
      ],
      "timestamp": 10537.395807416
    },
    {
      "planes": [],
      "pose": [
        0.9414283633232117,
        -0.0563909150660038,
        0.3324645459651947,
        0,
        0.12257853895425797,
        0.9757013320922852,
        -0.18160800635814667,
        0,
        -0.3141450583934784,
        0.2117239385843277,
        0.9254652261734009,
        0,
        -1.6635565757751465,
        0.3315525949001312,
        -9.44869613647461,
        1
      ],
      "timestamp": 10537.895807416,
      "id": 32
    },
    {
      "pose": [
        0.9122804403305054,
        -0.0272372979670763,
        0.408659428358078,
        0,
        0.10029187798500061,
        0.9822649955749512,
        -0.1584206074476242,
        0,
        -0.3970969319343567,
        0.18550923466682434,
        0.8988327980041504,
        0,
        -1.6795978546142578,
        0.35691070556640625,
        -9.863072395324707,
        1.0000001192092896
      ],
      "id": 33,
      "timestamp": 10538.395807416,
      "planes": []
    },
    {
      "planes": [],
      "id": 34,
      "pose": [
        0.8243803977966309,
        -0.02126033417880535,
        0.5656366944313049,
        0,
        0.1476510912179947,
        0.9727748036384583,
        -0.1786290407180786,
        0,
        -0.5464394688606262,
        0.2307751476764679,
        0.8050755858421326,
        0,
        -1.6890970468521118,
        0.3557615578174591,
        -10.203384399414062,
        0.9999999403953552
      ],
      "timestamp": 10538.895807416
    },
    {
      "pose": [
        0.8038508296012878,
        -0.019126638770103455,
        0.5945233106613159,
        0,
        0.12171602249145508,
        0.983623743057251,
        -0.1329268217086792,
        0,
        -0.582244873046875,
        0.17921634018421173,
        0.7930147647857666,
        0,
        -1.6433173418045044,
        0.36604225635528564,
        -10.373859405517578,
        1
      ],
      "id": 35,
      "timestamp": 10539.395807416,
      "planes": []
    },
    {
      "timestamp": 10539.895807416,
      "pose": [
        0.7666236758232117,
        -0.019233673810958862,
        0.6418085694313049,
        0,
        0.13511839509010315,
        0.9820019602775574,
        -0.13196685910224915,
        0,
        -0.6277190446853638,
        0.18788903951644897,
        0.7554247975349426,
        0,
        -1.6383857727050781,
        0.3650709390640259,
        -10.427178382873535,
        1
      ],
      "planes": [],
      "id": 36
    },
    {
      "id": 37,
      "pose": [
        0.7391635179519653,
        -0.01802203804254532,
        0.6732847690582275,
        0,
        0.13854531943798065,
        0.9823328256607056,
        -0.12580709159374237,
        0,
        -0.6591224074363708,
        0.18627247214317322,
        0.7286014556884766,
        0,
        -1.668302059173584,
        0.3673279285430908,
        -10.439532279968262,
        1
      ],
      "timestamp": 10540.395807416,
      "planes": []
    },
    {
      "pose": [
        0.7161674499511719,
        -0.0032931144814938307,
        0.6979207396507263,
        0,
        0.1369829624891281,
        0.9812020659446716,
        -0.13593453168869019,
        0,
        -0.6843535900115967,
        0.1929551213979721,
        0.7031561136245728,
        0,
        -1.7019122838974,
        0.366333544254303,
        -10.456463813781738,
        1
      ],
      "planes": [],
      "timestamp": 10540.895807416,
      "id": 38
    },
    {
      "pose": [
        0.6825391054153442,
        0.0076794070191681385,
        0.7308086156845093,
        0,
        0.14417961239814758,
        0.9788788557052612,
        -0.14494279026985168,
        0,
        -0.7164861559867859,
        0.20429682731628418,
        0.6670159101486206,
        0,
        -1.7526872158050537,
        0.3558444678783417,
        -10.504839897155762,
        1
      ],
      "timestamp": 10541.395807416,
      "id": 39,
      "planes": []
    },
    {
      "timestamp": 10541.895807416,
      "id": 40,
      "pose": [
        0.8302027583122253,
        0.04952993988990784,
        0.555256724357605,
        0,
        0.2534731924533844,
        0.8535870909690857,
        -0.4551268517971039,
        0,
        -0.49650242924690247,
        0.5185902714729309,
        0.696095883846283,
        0,
        -1.8645836114883423,
        0.19062760472297668,
        -10.718318939208984,
        1
      ],
      "planes": []
    },
    {
      "timestamp": 10542.395807416,
      "id": 41,
      "pose": [
        0.9970955848693848,
        -0.07134857773780823,
        -0.0266407560557127,
        0,
        0.03174029290676117,
        0.7072693109512329,
        -0.7062313556671143,
        0,
        0.0692308098077774,
        0.7033345699310303,
        0.7074797749519348,
        0,
        -2.0589170455932617,
        0.10879510641098022,
        -11.115612983703613,
        0.9999999403953552
      ],
      "planes": []
    },
    {
      "planes": [],
      "pose": [
        0.9749491214752197,
        0.01892390474677086,
        -0.22162143886089325,
        0,
        -0.16236530244350433,
        0.7415520548820496,
        -0.6509516835212708,
        0,
        0.15202531218528748,
        0.6706283092498779,
        0.7260481715202332,
        0,
        -2.2061867713928223,
        0.10157370567321777,
        -11.554265975952148,
        1
      ],
      "id": 42,
      "timestamp": 10542.895807416
    },
    {
      "planes": [],
      "pose": [
        0.9986364841461182,
        -0.04844982549548149,
        0.01943466067314148,
        0,
        0.050516821444034576,
        0.8030791282653809,
        -0.5937272906303406,
        0,
        0.013158401474356651,
        0.5938994884490967,
        0.8044316172599792,
        0,
        -2.2065703868865967,
        0.15088243782520294,
        -12.13386058807373,
        1
      ],
      "id": 43,
      "timestamp": 10543.395807416
    },
    {
      "id": 44,
      "planes": [],
      "pose": [
        0.9979975819587708,
        -0.032035943120718,
        -0.05453816056251526,
        0,
        0.002697276882827282,
        0.8830182552337646,
        -0.4693309962749481,
        0,
        0.06319362670183182,
        0.4682440757751465,
        0.881336510181427,
        0,
        -2.315955638885498,
        0.23714299499988556,
        -12.64526081085205,
        1
      ],
      "timestamp": 10543.895807416
    },
    {
      "timestamp": 10544.395807416,
      "id": 45,
      "planes": [],
      "pose": [
        0.980230987071991,
        -0.07653234153985977,
        0.18245503306388855,
        0,
        0.11822148412466049,
        0.9659966826438904,
        -0.22994370758533478,
        0,
        -0.15865284204483032,
        0.2469680905342102,
        0.9559476971626282,
        0,
        -2.3772149085998535,
        0.36509567499160767,
        -13.109001159667969,
        0.9999999403953552
      ]
    },
    {
      "pose": [
        0.9570011496543884,
        -0.04855725169181824,
        0.2859911322593689,
        0,
        0.09588620066642761,
        0.9834246635437012,
        -0.15388871729373932,
        0,
        -0.2737782895565033,
        0.17469428479671478,
        0.9457944631576538,
        0,
        -2.353933095932007,
        0.3977194130420685,
        -13.448269844055176,
        1
      ],
      "planes": [],
      "id": 46,
      "timestamp": 10544.895807416
    },
    {
      "pose": [
        0.9062309861183167,
        -0.04860744997859001,
        0.41997942328453064,
        0,
        0.115385502576828,
        0.9840930104255676,
        -0.13508200645446777,
        0,
        -0.40673282742500305,
        0.17087504267692566,
        0.8974241614341736,
        0,
        -2.3889617919921875,
        0.3989095687866211,
        -13.615676879882812,
        1
      ],
      "id": 47,
      "timestamp": 10545.395807416,
      "planes": []
    },
    {
      "id": 48,
      "planes": [],
      "timestamp": 10545.895807416,
      "pose": [
        0.9016275405883789,
        -0.029353519901633263,
        0.43151599168777466,
        0,
        0.09877461194992065,
        0.9853032827377319,
        -0.13935935497283936,
        0,
        -0.4210834503173828,
        0.16827306151390076,
        0.8912760019302368,
        0,
        -2.3939456939697266,
        0.3980324864387512,
        -13.700594902038574,
        1.0000001192092896
      ]
    },
    {
      "pose": [
        0.917937159538269,
        -0.00797311868518591,
        0.39664551615715027,
        0,
        0.06454867869615555,
        0.9894773364067078,
        -0.12949196994304657,
        0,
        -0.391439288854599,
        0.14446844160556793,
        0.9087926745414734,
        0,
        -2.336366653442383,
        0.4054024815559387,
        -13.721504211425781,
        1
      ],
      "planes": [],
      "id": 49,
      "timestamp": 10546.395807416
    },
    {
      "id": 50,
      "planes": [],
      "timestamp": 10546.895807416,
      "pose": [
        0.9102963805198669,
        0.009698822163045406,
        0.4138432443141937,
        0,
        0.05336098372936249,
        0.9886354207992554,
        -0.14054332673549652,
        0,
        -0.41050323843955994,
        0.15001918375492096,
        0.8994337320327759,
        0,
        -2.338247537612915,
        0.40030384063720703,
        -13.744187355041504,
        0.9999998807907104
      ]
    },
    {
      "planes": [],
      "id": 51,
      "pose": [
        0.8536329865455627,
        0.004406040068715811,
        0.5208563804626465,
        0,
        0.07589731365442276,
        0.9882396459579468,
        -0.1327480524778366,
        0,
        -0.5153157711029053,
        0.1528497040271759,
        0.8432595729827881,
        0,
        -2.471707582473755,
        0.398831844329834,
        -13.807821273803711,
        1
      ],
      "timestamp": 10547.395807416
    },
    {
      "id": 52,
      "planes": [],
      "pose": [
        0.7635165452957153,
        0.011784548871219158,
        0.6456806659698486,
        0,
        0.08347391337156296,
        0.9896448254585266,
        -0.11677015572786331,
        0,
        -0.6403706669807434,
        0.14305342733860016,
        0.7546265125274658,
        0,
        -2.560696840286255,
        0.4054134786128998,
        -13.843809127807617,
        0.9999999403953552
      ],
      "timestamp": 10547.895807416
    },
    {
      "timestamp": 10548.395807416,
      "id": 53,
      "pose": [
        0.7763344645500183,
        0.008742106147110462,
        0.6302604675292969,
        0,
        0.07905487716197968,
        0.9906579256057739,
        -0.11111829429864883,
        0,
        -0.625343918800354,
        0.13609011471271515,
        0.7683908343315125,
        0,
        -2.5575551986694336,
        0.40674668550491333,
        -13.846753120422363,
        1
      ],
      "planes": []
    },
    {
      "pose": [
        0.8100403547286987,
        0.012414307333528996,
        0.5862427353858948,
        0,
        0.07014493644237518,
        0.9905451536178589,
        -0.11789853870868683,
        0,
        -0.5821635127067566,
        0.1366245299577713,
        0.8015106916427612,
        0,
        -2.4807229042053223,
        0.41245800256729126,
        -13.84609603881836,
        1
      ],
      "id": 54,
      "timestamp": 10548.895807416,
      "planes": []
    },
    {
      "planes": [],
      "pose": [
        0.8280654549598694,
        0.005611972417682409,
        0.5606033205986023,
        0,
        0.06778842210769653,
        0.9916109442710876,
        -0.11005668342113495,
        0,
        -0.556518018245697,
        0.1291365623474121,
        0.8207383155822754,
        0,
        -2.445394515991211,
        0.41373783349990845,
        -13.838045120239258,
        0.9999999403953552
      ],
      "id": 55,
      "timestamp": 10549.395807416
    },
    {
      "timestamp": 10549.895807416,
      "pose": [
        0.8455318808555603,
        -0.0005868116859346628,
        0.5339244604110718,
        0,
        0.06629011780023575,
        0.9923774600028992,
        -0.10388748347759247,
        0,
        -0.5297936797142029,
        0.1232340931892395,
        0.8391257524490356,
        0,
        -2.4281580448150635,
        0.4141690731048584,
        -13.828815460205078,
        1
      ],
      "planes": [],
      "id": 56
    },
    {
      "timestamp": 10550.395807416,
      "id": 57,
      "pose": [
        0.8546762466430664,
        -0.008973117917776108,
        0.5190838575363159,
        0,
        0.07169351726770401,
        0.9923110008239746,
        -0.10089047253131866,
        0,
        -0.5141873359680176,
        0.1234436184167862,
        0.8487479090690613,
        0,
        -2.4195542335510254,
        0.4146590232849121,
        -13.827132225036621,
        1
      ],
      "planes": []
    },
    {
      "pose": [
        0.8687087893486023,
        -0.0030740792863070965,
        0.49531349539756775,
        0,
        0.0840756967663765,
        0.98638516664505,
        -0.14133486151695251,
        0,
        -0.4881354570388794,
        0.1644226759672165,
        0.8571400046348572,
        0,
        -2.4043493270874023,
        0.40397557616233826,
        -13.829712867736816,
        1
      ],
      "timestamp": 10550.895807416,
      "id": 58,
      "planes": []
    },
    {
      "id": 59,
      "timestamp": 10551.395807416,
      "pose": [
        0.9995441436767578,
        0.02664225921034813,
        -0.014202145859599113,
        0,
        -0.02982565388083458,
        0.7983861565589905,
        -0.6014066338539124,
        0,
        -0.004684059880673885,
        0.6015560626983643,
        0.7988168597221375,
        0,
        -2.5923585891723633,
        0.1880415678024292,
        -13.849276542663574,
        1
      ],
      "planes": []
    },
    {
      "planes": [],
      "id": 60,
      "timestamp": 10551.895807416,
      "pose": [
        0.5723136067390442,
        0.0033890940248966217,
        -0.820027768611908,
        0,
        -0.6282713413238525,
        0.6444660425186157,
        -0.43581947684288025,
        0,
        0.5270030498504639,
        0.7646253705024719,
        0.37096601724624634,
        0,
        -3.1354007720947266,
        0.08999761193990707,
        -13.508431434631348,
        0.9999999403953552
      ]
    },
    {
      "id": 61,
      "planes": [],
      "pose": [
        -0.040430162101984024,
        -0.022928673774003983,
        -0.9989191889762878,
        0,
        -0.6932690143585205,
        0.7205868363380432,
        0.011519357562065125,
        0,
        0.7195438742637634,
        0.692985475063324,
        -0.0450291745364666,
        0,
        -3.5224175453186035,
        0.11686971783638,
        -13.221646308898926,
        0.9999998807907104
      ],
      "timestamp": 10552.395807416
    },
    {
      "pose": [
        -0.14360448718070984,
        -0.012090666219592094,
        -0.9895612597465515,
        0,
        -0.5043473839759827,
        0.8612238764762878,
        0.06266795843839645,
        0,
        0.8514760732650757,
        0.5080820322036743,
        -0.1297735571861267,
        0,
        -3.915585517883301,
        0.2431948035955429,
        -13.145184516906738,
        1
      ],
      "planes": [],
      "timestamp": 10552.895807416,
      "id": 62
    },
    {
      "timestamp": 10553.395807416,
      "planes": [],
      "id": 63,
      "pose": [
        0.28857421875,
        -0.021369576454162598,
        -0.9572190046310425,
        0,
        -0.2934615910053253,
        0.9496591687202454,
        -0.10967110097408295,
        0,
        0.9113754034042358,
        0.3125552535057068,
        0.2677760124206543,
        0,
        -4.314102649688721,
        0.3438628017902374,
        -13.083921432495117,
        1
      ]
    },
    {
      "timestamp": 10553.895807416,
      "planes": [],
      "id": 64,
      "pose": [
        0.42501187324523926,
        -0.02586093358695507,
        -0.9048181772232056,
        0,
        -0.2169717699289322,
        0.9675406217575073,
        -0.12956976890563965,
        0,
        0.8787992596626282,
        0.25138869881629944,
        0.4056052267551422,
        0,
        -4.614354610443115,
        0.3418985903263092,
        -13.069053649902344,
        1
      ]
    },
    {
      "planes": [],
      "timestamp": 10554.395807416,
      "id": 65,
      "pose": [
        0.48577746748924255,
        0.0066201952286064625,
        -0.874057412147522,
        0,
        -0.24860864877700806,
        0.9597179889678955,
        -0.13090096414089203,
        0,
        0.8379821181297302,
        0.2808869481086731,
        0.46785521507263184,
        0,
        -4.817331790924072,
        0.33386993408203125,
        -13.049930572509766,
        1
      ]
    },
    {
      "timestamp": 10554.895807416,
      "pose": [
        0.5991078615188599,
        0.0021750011947005987,
        -0.8006652593612671,
        0,
        -0.2284652143716812,
        0.9588863253593445,
        -0.16834717988967896,
        0,
        0.7673808932304382,
        0.28378230333328247,
        0.5749732851982117,
        0,
        -4.944523334503174,
        0.3309451639652252,
        -12.985041618347168,
        1
      ],
      "id": 66,
      "planes": []
    },
    {
      "timestamp": 10555.395807416,
      "planes": [],
      "id": 67,
      "pose": [
        0.6408575773239136,
        0.019850822165608406,
        -0.7674030661582947,
        0,
        -0.23914718627929688,
        0.9550819993019104,
        -0.1750059872865677,
        0,
        0.7294588088989258,
        0.29567620158195496,
        0.6168187856674194,
        0,
        -4.980533123016357,
        0.3300418257713318,
        -12.9660062789917,
        1
      ]
    },
    {
      "pose": [
        0.6483827829360962,
        0.023550916463136673,
        -0.7609501481056213,
        0,
        -0.22949840128421783,
        0.959071934223175,
        -0.16586604714393616,
        0,
        0.7258995771408081,
        0.2821815013885498,
        0.6272506713867188,
        0,
        -4.979883670806885,
        0.3356423079967499,
        -12.973166465759277,
        1
      ],
      "timestamp": 10555.895807416,
      "id": 68,
      "planes": []
    },
    {
      "timestamp": 10556.395807416,
      "planes": [],
      "pose": [
        0.6382431387901306,
        0.009086434729397297,
        -0.7697811126708984,
        0,
        -0.21835429966449738,
        0.9610013961791992,
        -0.16969896852970123,
        0,
        0.7382187247276306,
        0.27639421820640564,
        0.6153366565704346,
        0,
        -4.96597146987915,
        0.3406660258769989,
        -12.985651016235352,
        1
      ],
      "id": 69
    },
    {
      "pose": [
        0.6172255277633667,
        -0.005366262048482895,
        -0.7867678999900818,
        0,
        -0.21628119051456451,
        0.9602954983711243,
        -0.17622412741184235,
        0,
        0.7564753890037537,
        0.2789331078529358,
        0.5915583372116089,
        0,
        -4.928558349609375,
        0.34051313996315,
        -13.010894775390625,
        1
      ],
      "planes": [],
      "id": 70,
      "timestamp": 10556.895807416
    },
    {
      "planes": [],
      "timestamp": 10557.395807416,
      "pose": [
        0.5799713730812073,
        -0.016460414975881577,
        -0.8144704699516296,
        0,
        -0.21655654907226562,
        0.9607073068618774,
        -0.17362232506275177,
        0,
        0.7853255867958069,
        0.2770749032497406,
        0.5536181330680847,
        0,
        -4.853827476501465,
        0.3413420021533966,
        -13.044838905334473,
        0.9999999403953552
      ],
      "id": 71
    },
    {
      "id": 72,
      "planes": [],
      "pose": [
        0.04507239907979965,
        0.003428321098908782,
        -0.9989777207374573,
        0,
        -0.5405919551849365,
        0.8410099148750305,
        -0.02150450274348259,
        0,
        0.8400766253471375,
        0.5410086512565613,
        0.03975965827703476,
        0,
        -4.741227149963379,
        0.2106718122959137,
        -12.901124954223633,
        0.9999998807907104
      ],
      "timestamp": 10557.895807416
    },
    {
      "id": 73,
      "pose": [
        -0.908235490322113,
        -0.07614073157310486,
        -0.41147392988204956,
        0,
        -0.3476613163948059,
        0.6845600605010986,
        0.6407099366188049,
        0,
        0.23289449512958527,
        0.7249690890312195,
        -0.6482129693031311,
        0,
        -4.100963115692139,
        0.1115296334028244,
        -12.568894386291504,
        1
      ],
      "planes": [],
      "timestamp": 10558.395807416
    },
    {
      "pose": [
        -0.900574266910553,
        -0.062378499656915665,
        0.43020325899124146,
        0,
        0.28311628103256226,
        0.6668115258216858,
        0.6893530488014221,
        0,
        -0.32986530661582947,
        0.7426111102104187,
        -0.5828529596328735,
        0,
        -3.4929890632629395,
        0.10552549362182617,
        -12.473295211791992,
        1
      ],
      "id": 74,
      "timestamp": 10558.895807416,
      "planes": []
    },
    {
      "planes": [],
      "pose": [
        -0.7573497295379639,
        -0.04250231385231018,
        0.6516247987747192,
        0,
        0.3957005739212036,
        0.763934850692749,
        0.5097299218177795,
        0,
        -0.5194637179374695,
        0.6438921093940735,
        -0.561747670173645,
        0,
        -3.131958246231079,
        0.1975909173488617,
        -12.163887023925781,
        1
      ],
      "id": 75,
      "timestamp": 10559.395807416
    },
    {
      "planes": [],
      "pose": [
        -0.9637858271598816,
        -0.01871362514793873,
        0.26601994037628174,
        0,
        0.12510517239570618,
        0.8492265343666077,
        0.5129941701889038,
        0,
        -0.2355111837387085,
        0.5276970267295837,
        -0.8161313533782959,
        0,
        -2.8850085735321045,
        0.2708187401294708,
        -11.64753532409668,
        0.9999999403953552
      ],
      "id": 76,
      "timestamp": 10559.895807416
    },
    {
      "timestamp": 10560.395807416,
      "id": 77,
      "pose": [
        -0.9990394711494446,
        -0.029820971190929413,
        -0.03210540860891342,
        0,
        -0.038541171699762344,
        0.9466195702552795,
        0.3200407028198242,
        0,
        0.020847704261541367,
        0.32097071409225464,
        -0.9468596577644348,
        0,
        -2.783918857574463,
        0.3600206673145294,
        -11.143491744995117,
        1
      ],
      "planes": []
    },
    {
      "id": 78,
      "pose": [
        -0.9711816906929016,
        -0.029249893501400948,
        -0.2365385740995407,
        0,
        -0.06960131973028183,
        0.9839865565299988,
        0.16409173607826233,
        0,
        0.22795110940933228,
        0.1758262813091278,
        -0.9576655626296997,
        0,
        -2.6567037105560303,
        0.41292229294776917,
        -10.724721908569336,
        1
      ],
      "timestamp": 10560.895807416,
      "planes": []
    },
    {
      "pose": [
        -0.9372054934501648,
        -0.03485468402504921,
        -0.3470316231250763,
        0,
        -0.0990070030093193,
        0.980650007724762,
        0.16888853907585144,
        0,
        0.3344300091266632,
        0.19264182448387146,
        -0.9225214123725891,
        0,
        -2.5963711738586426,
        0.41109204292297363,
        -10.378454208374023,
        1
      ],
      "id": 79,
