{
  "pose_data": [
    {
      "timestamp": 10405.003684125,
      "id": 0,
      "pose": [
        -0.2882879972457886,
        -0.6457586884498596,
        0.7070260047912598,
        0,
        0.9575437307357788,
        -0.19441881775856018,
        0.21286451816558838,
        0,
        3.309589402533675e-08,
        0.7383745908737183,
        0.6743907928466797,
        0,
        0,
        0,
        0,
        1
      ],
      "planes": []
    },
    {
      "planes": [],
      "pose": [
        -0.42605406045913696,
        -0.75907301902771,
        0.492225706577301,
        0,
        0.8815956711769104,
        -0.2261776328086853,
        0.4142857789993286,
        0,
        -0.20314271748065948,
        0.6104521751403809,
        0.7655594348907471,
        0,
        0,
        0,
        0,
        1
      ],
      "id": 1,
      "timestamp": 10405.503684125
    },
    {
      "timestamp": 10406.003684125,
      "id": 2,
      "planes": [],
      "pose": [
        -0.31019797921180725,
        -0.86085444688797,
        0.4033694267272949,
        0,
        0.9440851211547852,
        -0.22908422350883484,
        0.23711542785167694,
        0,
        -0.11171630024909973,
        0.4543677866458893,
        0.8837813138961792,
        0,
        0,
        0,
        0,
        1
      ]
    },
    {
      "planes": [],
      "id": 3,
      "timestamp": 10406.503684125,
      "pose": [
        -0.2687864601612091,
        -0.9097586274147034,
        0.3163752853870392,
        0,
        0.9028276205062866,
        -0.12350259721279144,
        0.41188520193099976,
        0,
        -0.33564287424087524,
        0.3963415026664734,
        0.8545510172843933,
        0,
        0,
        0,
        0,
        1
      ]
    },
    {
      "timestamp": 10407.003684125,
      "id": 4,
      "planes": [],
      "pose": [
        -0.30964964628219604,
        -0.877886176109314,
        0.3652845621109009,
        0,
        0.908901572227478,
        -0.16042733192443848,
        0.38491666316986084,
        0,
        -0.2793114185333252,
        0.45119708776474,
        0.8475884795188904,
        0,
        0.17033720016479492,
        -0.029705043882131577,
        -0.5878148674964905,
        0.9999999403953552
      ]
    },
    {
      "pose": [
        -0.2635858356952667,
        -0.8996068239212036,
        0.3481813371181488,
        0,
        0.8380900025367737,
        -0.03485148027539253,
        0.5444175601005554,
        0,
        -0.47762706875801086,
        0.4353080689907074,
        0.7631378769874573,
        0,
        0.2202136069536209,
        -0.010618315078318119,
        -0.8972559571266174,
        1
      ],
      "timestamp": 10407.503684125,
      "id": 5,
      "planes": []
    },
    {
      "pose": [
        -0.3288116157054901,
        -0.9112547636032104,
        0.24798698723316193,
        0,
        0.7751122713088989,
        -0.11038829386234283,
        0.6221055388450623,
        0,
        -0.5395218133926392,
        0.3967733085155487,
        0.7426217198371887,
        0,
        0.3716691732406616,
        -0.0001506886474089697,
        -1.1806451082229614,
        0.9999999403953552
      ],
      "id": 6,
      "planes": [],
      "timestamp": 10408.003684125
    },
    {
      "id": 7,
      "planes": [],
      "timestamp": 10408.503684125,
      "pose": [
        -0.2675315737724304,
        -0.9316713213920593,
        0.24579523503780365,
        0,
        0.7370406985282898,
        -0.033559348434209824,
        0.6750145554542542,
        0,
        -0.6206429600715637,
        0.3617488443851471,
        0.6956578493118286,
        0,
        0.4394843280315399,
        0.014222151599824429,
        -1.456541895866394,
        0.9999999403953552
      ]
    },
    {
      "timestamp": 10409.003684125,
      "pose": [
        -0.29072287678718567,
        -0.9376646280288696,
        0.19043400883674622,
        0,
        0.5679131746292114,
        -0.00892701931297779,
        0.8230398297309875,
        0,
        -0.770035445690155,
        0.34742656350135803,
        0.5351074934005737,
        0,
        0.3818221688270569,
        0.05265597254037857,
        -1.5977262258529663,
        0.9999998807907104
      ],
      "planes": [],
      "id": 8
    },
    {
      "planes": [],
      "pose": [
        -0.3070651590824127,
        -0.9400729537010193,
        0.1482357531785965,
        0,
        0.541848361492157,
        -0.04464545100927353,
        0.839289665222168,
        0,
        -0.7823755145072937,
        0.3380379378795624,
        0.5230860710144043,
        0,
        0.39038845896720886,
        0.05583087354898453,
        -1.6031451225280762,
        1
      ],
      "id": 9,
      "timestamp": 10409.503684125
    },
    {
      "pose": [
        -0.32663702964782715,
        -0.934544563293457,
        0.14119002223014832,
        0,
        0.540255069732666,
        -0.06203994154930115,
        0.839211106300354,
        0,
        -0.7755207419395447,
        0.3503960967063904,
        0.5251570343971252,
        0,
        0.3992559313774109,
        0.05376093089580536,
        -1.6156030893325806,
        0.9999998807907104
      ],
      "id": 10,
      "timestamp": 10410.003684125,
      "planes": []
    },
    {
      "timestamp": 10410.503684125,
      "planes": [],
      "id": 11,
      "pose": [
        -0.3214002549648285,
        -0.934781014919281,
        0.1512824445962906,
        0,
        0.5413967967033386,
        -0.05032173544168472,
        0.8392598628997803,
        0,
        -0.7769113779067993,
        0.3516421616077423,
        0.5222609043121338,
        0,
        0.40475061535835266,
        0.05420989543199539,
        -1.6205172538757324,
        0.9999999403953552
      ]
    },
    {
      "pose": [
        -0.32360294461250305,
        -0.9349088072776794,
        0.14569303393363953,
        0,
        0.555544376373291,
        -0.06308980286121368,
        0.8290897607803345,
        0,
        -0.7659316062927246,
        0.3492348790168762,
        0.5397995114326477,
        0,
        0.40650269389152527,
        0.05566571652889252,
        -1.6167210340499878,
        0.9999999403953552
      ],
      "timestamp": 10411.003684125,
      "id": 12,
      "planes": []
    },
    {
      "pose": [
        -0.3278590440750122,
        -0.9331947565078735,
        0.14715933799743652,
        0,
        0.5545005798339844,
        -0.0639704242348671,
        0.8297209143638611,
        0,
        -0.7648773193359375,
        0.35363146662712097,
        0.5384302735328674,
        0,
        0.4056248664855957,
        0.05572228133678436,
        -1.6159085035324097,
        1
      ],
      "planes": [],
      "timestamp": 10411.503684125,
      "id": 13
    },
    {
      "timestamp": 10412.003684125,
      "pose": [
        -0.3484768867492676,
        -0.9258913397789001,
        0.14590826630592346,
        0,
        0.5555205345153809,
        -0.07863418012857437,
        0.827776312828064,
        0,
        -0.7549574375152588,
        0.36951595544815063,
        0.5417538285255432,
        0,
        0.3999330997467041,
        0.0475153848528862,
        -1.6019465923309326,
        1
      ],
      "planes": [],
      "id": 14
    },
    {
      "planes": [],
      "id": 15,
      "pose": [
        -0.4172987639904022,
        -0.9083225131034851,
        0.028491761535406113,
        0,
        0.6596044898033142,
        -0.2811691462993622,
        0.6970406174659729,
        0,
        -0.6251266598701477,
        0.30966755747795105,
        0.7164652347564697,
        0,
        0.4058033525943756,
        -0.06668179482221603,
        -1.4938511848449707,
        1
      ],
      "timestamp": 10412.503684125
    },
    {
      "id": 16,
      "timestamp": 10413.003684125,
      "pose": [
        -0.5939448475837708,
        -0.8044962882995605,
        0.003884341102093458,
        0,
        0.394354909658432,
        -0.2869298756122589,
        0.8730150461196899,
        0,
        -0.701222836971283,
        0.5200546383857727,
        0.4876776337623596,
        0,
        0.40940985083580017,
        -0.12999197840690613,
        -1.4254215955734253,
        0.9999999403953552
      ],
      "planes": []
    },
    {
      "pose": [
        -0.8739132285118103,
        -0.38063961267471313,
        -0.30230632424354553,
        0,
        -0.32577434182167053,
        -0.002928973874077201,
        0.9454429745674133,
        0,
        -0.3607584834098816,
        0.9247188568115234,
        -0.12144295126199722,
        0,
        0.31287869811058044,
        -0.20292168855667114,
        -1.4076223373413086,
        1
      ],
      "id": 17,
      "planes": [],
      "timestamp": 10413.503684125
    },
    {
      "planes": [],
      "id": 18,
      "pose": [
        -0.57077556848526,
        -0.38507017493247986,
        -0.7252144813537598,
        0,
        -0.7847164273262024,
        -0.00420767068862915,
        0.6198404431343079,
        0,
        -0.24173352122306824,
        0.9228776693344116,
        -0.2997692823410034,
        0,
        0.19397903978824615,
        -0.17793190479278564,
        -1.2219254970550537,
        0.9999999403953552
      ],
      "timestamp": 10414.003684125
    },
    {
      "planes": [],
      "pose": [
        -0.2583971619606018,
        -0.43054381012916565,
        -0.8647906184196472,
        0,
        -0.9407369494438171,
        -0.09139300137758255,
        0.32659050822257996,
        0,
        -0.2196473479270935,
        0.8979306817054749,
        -0.38141271471977234,
        0,
        0.10558298230171204,
        -0.1681317538022995,
        -0.9324541687965393,
        1
      ],
      "id": 19,
      "timestamp": 10414.503684125
    },
    {
      "id": 20,
      "pose": [
        -0.018154218792915344,
        -0.4221523702144623,
        -0.9063430428504944,
        0,
        -0.9985421299934387,
        -0.03843054175376892,
        0.03790098801255226,
        0,
        -0.050831228494644165,
        0.9057098627090454,
        -0.4208392798900604,
        0,
        0.04058163985610008,
        -0.17846465110778809,
        -0.673454999923706,
        0.9999999403953552
      ],
      "planes": [],
      "timestamp": 10415.003684125
    },
    {
      "timestamp": 10415.503684125,
      "pose": [
        0.16705919802188873,
        -0.4178294241428375,
        -0.8930338621139526,
        0,
        -0.9848517775535583,
        -0.028041627258062363,
        -0.17111551761627197,
        0,
        0.04645499214529991,
        0.9080925583839417,
        -0.416184663772583,
        0,
        0.04233330115675926,
        -0.1664273589849472,
        -0.3513622581958771,
        0.9999999403953552
      ],
      "planes": [],
      "id": 21
    },
    {
      "planes": [],
      "timestamp": 10416.003684125,
      "id": 22,
      "pose": [
        0.23325411975383759,
        -0.4601092040538788,
        -0.85667484998703,
        0,
        -0.9709073305130005,
        -0.061145883053541183,
        -0.231516495347023,
        0,
        0.05414074286818504,
        0.8857542872428894,
        -0.4609859585762024,
        0,
        -0.026374876499176025,
        -0.20802739262580872,
        0.00320252263918519,
        0.9999998807907104
      ]
    },
    {
      "id": 23,
      "pose": [
        0.08917345106601715,
        -0.5032057166099548,
        -0.8595534563064575,
        0,
        -0.9910624027252197,
        0.04113510623574257,
        -0.12689828872680664,
        0,
        0.09921377152204514,
        0.8631871342658997,
        -0.4950401186943054,
        0,
        -0.0802803486585617,
        -0.19453811645507812,
        0.3883982300758362,
        1
      ],
      "timestamp": 10416.503684125,
      "planes": []
    },
    {
      "pose": [
        0.21077297627925873,
        -0.5363383889198303,
        -0.8172611594200134,
        0,
        -0.9682109355926514,
        0.0006562858470715582,
        -0.2501338720321655,
        0,
        0.13469277322292328,
        0.8440027832984924,
        -0.5191503763198853,
        0,
        -0.08690997213125229,
        -0.14681194722652435,
        0.8274663090705872,
        1
      ],
      "planes": [],
      "id": 24,
      "timestamp": 10417.003684125
    }
  ],
  "tag_data": [
    [
      {
        "tag_id": 306,
        "joint_covar": [
          9.665030784997282e-07,
          9.936202873674536e-08,
          -1.4782288233981e-06,
          0.00038571438181565835,
          -0.00012529960430930336,
          -0.0015183484231758397,
          0.0014426843765414225,
          9.936202873678212e-08,
          4.96026262054204e-08,
          -1.6470017936651277e-07,
          4.119601283184269e-05,
          -1.296696891895759e-05,
          -0.00016134499012805475,
          0.00015338999155259218,
          -1.4782288233980629e-06,
          -1.647001793664394e-07,
          2.542481262898267e-06,
          -0.0005683553614666295,
          0.0001835966980242627,
          0.0022358593440661907,
          -0.002124626202590898,
          0.00038571438181563114,
          4.119601283182751e-05,
          -0.0005683553614665644,
          0.1744690820061524,
          -0.05675855511884427,
          -0.6885709596116605,
          0.6542063939805671,
          -0.0001252996043092962,
          -1.2966968918953541e-05,
          0.00018359669802424364,
          -0.0567585551188438,
          0.018485197873225882,
          0.22403486562063218,
          -0.21285049537168835,
          -0.0015183484231755487,
          -0.0001613449901279414,
          0.0022358593440655805,
          -0.6885709596116535,
          0.2240348656206334,
          2.7179635010252663,
          -2.5823043698128347,
          0.0014426843765412182,
          0.00015338999155250748,
          -0.0021246262025904584,
          0.6542063939805624,
          -0.2128504953716896,
          -2.5823043698128356,
          2.4534179633375937
        ],
        "tag_pose": [
          -0.017455292865633965,
          -0.934747040271759,
          0.35488489270210266,
          -0.1395500749349594,
          -0.9835265874862671,
          0.07992235571146011,
          0.16213539242744446,
          0.013397262431681156,
          -0.17991885542869568,
          -0.3462086319923401,
          -0.9207435846328735,
          0.5246104598045349,
          0,
          0,
          0,
          0.9999999403953552
        ],
        "tag_orientation_variance": [
          0.01872011728734587,
          0.002006083134834407,
          0.3040146741223994,
          0.2741378289714108
        ],
        "tag_position_variance": [
          7.499793374405021e-08,
          2.9387045358806606e-08,
          5.263952412697421e-07
        ],
        "camera_intrinsics": [
          1523.4598388671875,
          1523.4598388671875,
          966.5637817382812,
          714.0264282226562
        ],
        "tag_corners_pixel_coordinates": [
          815.5349731445314,
          958.8133544921875,
          796.450439453125,
          493.037567138672,
          262.3578491210936,
          506.7857666015625,
          312.1876525878905,
          1028.3507080078125
        ],
        "timestamp": 10411.003684125,
        "pose_id": 12
      }
    ]
  ],
  "map_id": "onetag 10417003684125",
  "location_data": [],
  "plane_data": []
}