{
  "map_id": "pgt_tester3 15208801502125",
  "pose_data": [
    {
      "pose": [
        -0.13112235069274902,
        -0.3979828357696533,
        0.9079738259315491,
        0,
        0.9913661479949951,
        -0.05263889953494072,
        0.12009253352880478,
        0,
        -2.0854201920883497e-08,
        0.9158814549446106,
        0.4014488458633423,
        0,
        0,
        0,
        0,
        1
      ],
      "timestamp": 15143.301502125,
      "planes": [],
      "id": 0
    },
    {
      "planes": [],
      "pose": [
        -0.3787747323513031,
        -0.7636281847953796,
        0.522878110408783,
        0,
        0.8134208917617798,
        -0.005199044942855835,
        0.5816521644592285,
        0,
        -0.44144758582115173,
        0.6456352472305298,
        0.6231203675270081,
        0,
        0,
        0,
        0,
        1
      ],
      "timestamp": 15143.801502125,
      "id": 1
    },
    {
      "pose": [
        -0.22441640496253967,
        -0.971325159072876,
        0.07851589471101761,
        0,
        0.5519716739654541,
        -0.060300588607788086,
        0.83167964220047,
        0,
        -0.8030968308448792,
        0.22998112440109253,
        0.5496764183044434,
        0,
        0,
        0,
        0,
        1
      ],
      "planes": [],
      "timestamp": 15144.301502125,
      "id": 2
    },
    {
      "pose": [
        -0.1317150890827179,
        -0.9901671409606934,
        0.047120124101638794,
        0,
        0.5182350873947144,
        -0.02826032042503357,
        0.8547711968421936,
        0,
        -0.845034658908844,
        0.13700555264949799,
        0.516861617565155,
        0,
        0,
        0,
        0,
        1
      ],
      "planes": [],
      "timestamp": 15144.801502125,
      "id": 3
    },
    {
      "timestamp": 15145.301502125,
      "id": 4,
      "planes": [],
      "pose": [
        -0.10999166965484619,
        -0.991496205329895,
        0.069548599421978,
        0,
        0.5119008421897888,
        0.0034695190843194723,
        0.8590373396873474,
        0,
        -0.8519736528396606,
        0.13008897006511688,
        0.5071662068367004,
        0,
        -0.0006075667915865779,
        0.00023533655621577054,
        -0.00015907851047813892,
        0.9999999403953552
      ]
    },
    {
      "id": 5,
      "timestamp": 15145.801502125,
      "pose": [
        -0.08815217018127441,
        -0.9951825737953186,
        0.04290349408984184,
        0,
        0.5066642761230469,
        -0.00771323312073946,
        0.8621088862419128,
        0,
        -0.857624888420105,
        0.09773445874452591,
        0.5049033761024475,
        0,
        -0.009734123945236206,
        -0.003095906227827072,
        0.0014929994940757751,
        1
      ],
      "planes": []
    },
    {
      "timestamp": 15146.301502125,
      "id": 6,
      "pose": [
        -0.08435271680355072,
        -0.9956558346748352,
        0.03942029923200607,
        0,
        0.5034688711166382,
        -0.008447631262242794,
        0.863972008228302,
        0,
        -0.8598858118057251,
        0.09272529929876328,
        0.5019943118095398,
        0,
        -0.008344952017068863,
        -0.004951586481183767,
        -0.0029464971739798784,
        0.9999999403953552
      ],
      "planes": []
    },
    {
      "planes": [],
      "id": 7,
      "timestamp": 15146.801502125,
      "pose": [
        -0.09736602753400803,
        -0.9941235780715942,
        0.04730866104364395,
        0,
        0.4936671555042267,
        -0.006966654676944017,
        0.8696229457855225,
        0,
        -0.8641830682754517,
        0.10802648216485977,
        0.49144446849823,
        0,
        -0.02339079976081848,
        -0.0154989343136549,
        -0.03417433425784111,
        1
      ]
    },
    {
      "id": 8,
      "pose": [
        -0.09660875797271729,
        -0.9946239590644836,
        0.03727967292070389,
        0,
        0.4871121644973755,
        -0.014584443531930447,
        0.8732175827026367,
        0,
        -0.8679794073104858,
        0.10251986235380173,
        0.48590245842933655,
        0,
        -0.017387134954333305,
        -0.018633173778653145,
        -0.03043466806411743,
        1
      ],
      "timestamp": 15147.301502125,
      "planes": []
    },
    {
      "timestamp": 15147.801502125,
      "planes": [],
      "pose": [
        -0.09844763576984406,
        -0.9942634105682373,
        0.041812390089035034,
        0,
        0.4814610183238983,
        -0.010816344991326332,
        0.8764007091522217,
        0,
        -0.8709208369255066,
        0.10641063004732132,
        0.479763925075531,
        0,
        -0.0142426248639822,
        -0.02175169065594673,
        -0.03761226683855057,
        0.9999999403953552
      ],
      "id": 9
    },
    {
      "planes": [],
      "id": 10,
      "timestamp": 15148.301502125,
      "pose": [
        -0.0985541045665741,
        -0.9942400455474854,
        0.042116060853004456,
        0,
        0.4926322102546692,
        -0.011972378008067608,
        0.8701552152633667,
        0,
        -0.8646389842033386,
        0.10650511085987091,
        0.49097463488578796,
        0,
        -0.016786150634288788,
        -0.02453107014298439,
        -0.046704139560461044,
        1
      ]
    },
    {
      "id": 11,
      "planes": [],
      "timestamp": 15148.801502125,
      "pose": [
        -0.10075902193784714,
        -0.9939528703689575,
        0.04364815726876259,
        0,
        0.4940251111984253,
        -0.011903241276741028,
        0.8693660497665405,
        0,
        -0.8635894060134888,
        0.10915978252887726,
        0.4922370910644531,
        0,
        -0.013647777959704399,
        -0.023646317422389984,
        -0.0500185526907444,
        1
      ]
    },
    {
      "timestamp": 15149.301502125,
      "planes": [],
      "id": 12,
      "pose": [
        -0.10705599933862686,
        -0.9933190941810608,
        0.04308205097913742,
        0,
        0.48596078157424927,
        -0.014474012888967991,
        0.8738606572151184,
        0,
        -0.8673990368843079,
        0.11448824405670166,
        0.48426371812820435,
        0,
        -0.00865282490849495,
        -0.025312116369605064,
        -0.042839016765356064,
        1
      ]
    },
    {
      "pose": [
        -0.22842887043952942,
        -0.972541332244873,
        0.04453665018081665,
        0,
        0.3767158091068268,
        -0.04611458629369736,
        0.9251803159713745,
        0,
        -0.8977222442626953,
        0.22811558842658997,
        0.3769055902957916,
        0,
        0.08868303894996643,
        -0.06448911875486374,
        0.13140414655208588,
        1
      ],
      "id": 13,
      "timestamp": 15149.801502125,
      "planes": []
    },
    {
      "planes": [],
      "pose": [
        -0.4692862927913666,
        -0.8572671413421631,
        -0.2118094116449356,
        0,
        -0.3722056448459625,
        -0.025483129546046257,
        0.9278002977371216,
        0,
        -0.8007703423500061,
        0.5142407417297363,
        -0.30712077021598816,
        0,
        0.35033655166625977,
        -0.19532065093517303,
        0.7208365201950073,
        0.9999999403953552
      ],
      "id": 14,
      "timestamp": 15150.301502125
    },
    {
      "pose": [
        -0.4498946964740753,
        -0.7161324620246887,
        -0.5336187481880188,
        0,
        -0.7261863350868225,
        -0.05446118116378784,
        0.685337245464325,
        0,
        -0.5198537707328796,
        0.6958364248275757,
        -0.49554383754730225,
        0,
        0.5474417209625244,
        -0.27744871377944946,
        1.21242094039917,
        1
      ],
      "timestamp": 15150.801502125,
      "planes": [],
      "id": 15
    },
    {
      "pose": [
        -0.19314032793045044,
        -0.6090867519378662,
        -0.7692269086837769,
        0,
        -0.9543856978416443,
        -0.06531193852424622,
        0.2913457751274109,
        0,
        -0.2276945412158966,
        0.7904098033905029,
        -0.5686892867088318,
        0,
        0.5986627340316772,
        -0.3072497546672821,
        1.7141202688217163,
        1
      ],
      "planes": [],
      "id": 16,
      "timestamp": 15151.301502125
    },
    {
      "id": 17,
      "pose": [
        -0.24928753077983856,
        -0.5895004868507385,
        -0.7683388590812683,
        0,
        -0.9212325215339661,
        -0.10031114518642426,
        0.37585654854774475,
        0,
        -0.2986406087875366,
        0.8015153408050537,
        -0.5180607438087463,
        0,
        0.6909912824630737,
        -0.30777329206466675,
        2.2460620403289795,
        1
      ],
      "timestamp": 15151.801502125,
      "planes": []
    },
    {
      "id": 18,
      "planes": [],
      "timestamp": 15152.301502125,
      "pose": [
        -0.4771551489830017,
        -0.6565940380096436,
        -0.5841293931007385,
        0,
        -0.7970194220542908,
        0.04328736662864685,
        0.6024003028869629,
        0,
        -0.3702470362186432,
        0.7530009746551514,
        -0.5439729690551758,
        0,
        0.9177514910697937,
        -0.2837471067905426,
        2.7723333835601807,
        1.0000001192092896
      ]
    },
    {
      "pose": [
        -0.33086568117141724,
        -0.9389351010322571,
        -0.09449198842048645,
        0,
        -0.19983412325382233,
        -0.028148507699370384,
        0.979425311088562,
        0,
        -0.9222766160964966,
        0.34294095635414124,
        -0.1783178150653839,
        0,
        1.166433572769165,
        -0.06322074681520462,
        3.078352212905884,
        1.0000001192092896
      ],
      "id": 19,
      "planes": [],
      "timestamp": 15152.801502125
    },
    {
      "timestamp": 15153.301502125,
      "id": 20,
      "pose": [
        -0.15770401060581207,
        -0.986558198928833,
        0.042805541306734085,
        0,
        0.22991231083869934,
        0.005473668687045574,
        0.9731959700584412,
        0,
        -0.9603487253189087,
        0.1633184552192688,
        0.22595863044261932,
        0,
        1.2538005113601685,
        0.02583671174943447,
        3.1418704986572266,
        1.0000001192092896
      ],
      "planes": []
    },
    {
      "timestamp": 15153.801502125,
      "planes": [],
      "id": 21,
      "pose": [
        -0.13904857635498047,
        -0.9888513684272766,
        0.053275492042303085,
        0,
        0.288752019405365,
        0.010974599048495293,
        0.9573409557342529,
        0,
        -0.9472526907920837,
        0.14850033819675446,
        0.28400689363479614,
        0,
        1.3079956769943237,
        -0.036136187613010406,
        3.1572980880737305,
        0.9999999403953552
      ]
    },
    {
      "planes": [],
      "pose": [
        -0.12619741261005402,
        -0.9909793138504028,
        0.04510094225406647,
        0,
        0.2922845780849457,
        0.006301803048700094,
        0.9563106298446655,
        0,
        -0.9479682445526123,
        0.13386625051498413,
        0.28885266184806824,
        0,
        1.3088691234588623,
        -0.05914762243628502,
        3.152622938156128,
        0.9999999403953552
      ],
      "id": 22,
      "timestamp": 15154.301502125
    },
    {
      "planes": [],
      "id": 23,
      "pose": [
        -0.12932974100112915,
        -0.9904935359954834,
        0.04686485975980759,
        0,
        0.28471189737319946,
        0.008179683238267899,
        0.9585782289505005,
        0,
        -0.9498488903045654,
        0.13731567561626434,
        0.28094741702079773,
        0,
        1.3199453353881836,
        -0.06399884074926376,
        3.138885021209717,
        1
      ],
      "timestamp": 15154.801502125
    },
    {
      "id": 24,
      "planes": [],
      "pose": [
        -0.14124129712581635,
        -0.9883257150650024,
        0.05712293088436127,
        0,
        0.2777704894542694,
        0.015819579362869263,
        0.9605172276496887,
        0,
        -0.950207531452179,
        0.15153180062770844,
        0.2722933292388916,
        0,
        1.3229535818099976,
        -0.0611923411488533,
        3.135847330093384,
        0.9999999403953552
      ],
      "timestamp": 15155.301502125
    },
    {
      "planes": [],
      "timestamp": 15155.801502125,
      "id": 25,
      "pose": [
        -0.13534952700138092,
        -0.9891565442085266,
        0.05700622871518135,
        0,
        0.2829379439353943,
        0.016552681103348732,
        0.9589953422546387,
        0,
        -0.9495401978492737,
        0.14592880010604858,
        0.2776295244693756,
        0,
        1.3262805938720703,
        -0.06054970622062683,
        3.1328890323638916,
        1
      ]
    },
    {
      "timestamp": 15156.301502125,
      "pose": [
        -0.15285135805606842,
        -0.9872519969940186,
        0.04438353702425957,
        0,
        0.2218320071697235,
        0.009489311836659908,
        0.9750386476516724,
        0,
        -0.9630300998687744,
        0.15888169407844543,
        0.21755366027355194,
        0,
        1.3432214260101318,
        -0.06938472390174866,
        3.1642370223999023,
        1
      ],
      "id": 26,
      "planes": []
    },
    {
      "timestamp": 15156.801502125,
      "planes": [],
      "id": 27,
      "pose": [
        -0.7427064776420593,
        -0.6255136132240295,
        -0.23899710178375244,
        0,
        -0.27408891916275024,
        -0.04166362062096596,
        0.960801362991333,
        0,
        -0.610951840877533,
        0.7791000008583069,
        -0.14050251245498657,
        0,
        1.398500680923462,
        -0.3409106731414795,
        3.5561461448669434,
        1
      ]
    },
    {
      "timestamp": 15157.301502125,
      "planes": [],
      "pose": [
        -0.11385694891214371,
        -0.6338072419166565,
        -0.7650651931762695,
        0,
        -0.9839516282081604,
        -0.03455371782183647,
        0.17505712807178497,
        0,
        -0.13738833367824554,
        0.7727188467979431,
        -0.6197015047073364,
        0,
        1.0500409603118896,
        -0.32578790187835693,
        4.1444411277771,
        0.9999999403953552
      ],
      "id": 28
    },
    {
      "id": 29,
      "pose": [
        0.2795264720916748,
        -0.857097327709198,
        -0.4327228367328644,
        0,
        -0.887097179889679,
        -0.05812627449631691,
        -0.45790812373161316,
        0,
        0.3673192858695984,
        0.5118647217750549,
        -0.7765765190124512,
        0,
        0.842204213142395,
        -0.12213988602161407,
        4.458768367767334,
        1.0000001192092896
      ],
      "timestamp": 15157.801502125,
      "planes": []
    },
    {
      "timestamp": 15158.301502125,
      "planes": [],
      "id": 30,
      "pose": [
        0.14212942123413086,
        -0.9847267866134644,
        -0.10055992007255554,
        0,
        -0.7409759759902954,
        -0.038484103977680206,
        -0.6704278588294983,
        0,
        0.6563182473182678,
        0.1698000282049179,
        -0.7351285815238953,
        0,
        0.7660430073738098,
        0.008180222474038601,
        4.7208638191223145,
        0.9999999403953552
      ]
    },
    {
      "id": 31,
      "planes": [],
      "pose": [
        0.09947308152914047,
        -0.9924437403678894,
        -0.0718364492058754,
        0,
        -0.5024240016937256,
        0.012219801545143127,
        -0.8645349740982056,
        0,
        0.8588802218437195,
        0.12209033966064453,
        -0.4974120259284973,
        0,
        0.7299907207489014,
        0.042572058737277985,
        4.943265914916992,
        1.0000001192092896
      ],
      "timestamp": 15158.801502125
    },
    {
      "planes": [],
      "pose": [
        0.1430930644273758,
        -0.989424467086792,
        -0.023737382143735886,
        0,
        -0.2884994149208069,
        -0.01875692792236805,
        -0.9572963118553162,
        0,
        0.9467271566390991,
        0.14383068680763245,
        -0.28813236951828003,
        0,
        0.759244978427887,
        0.03156709671020508,
        5.089923858642578,
        0.9999999403953552
      ],
      "timestamp": 15159.301502125,
      "id": 32
    },
    {
      "id": 33,
      "planes": [],
      "timestamp": 15159.801502125,
      "pose": [
        0.13622337579727173,
        -0.9900062680244446,
        -0.036477215588092804,
        0,
        -0.27205565571784973,
        -0.0019788460340350866,
        -0.9622794389724731,
        0,
        0.9525905251502991,
        0.14100882411003113,
        -0.2696063816547394,
        0,
        0.7735844254493713,
        0.025031356140971184,
        5.084245681762695,
        0.9999999403953552
      ]
    },
    {
      "pose": [
        0.12232518941164017,
        -0.9917036294937134,
        -0.03950043395161629,
        0,
        -0.3192002773284912,
        -0.0016257150564342737,
        -0.9476858377456665,
        0,
        0.9397593140602112,
        0.12853442132472992,
        -0.3167509436607361,
        0,
        0.7627515196800232,
        0.032181546092033386,
        5.0526556968688965,
        0.9999999403953552
      ],
      "id": 34,
      "planes": [],
      "timestamp": 15160.301502125
    },
    {
      "id": 35,
      "timestamp": 15160.801502125,
      "planes": [],
      "pose": [
        0.11833052337169647,
        -0.9921887516975403,
        -0.03948725387454033,
        0,
        -0.33674687147140503,
        -0.0026875678449869156,
        -0.9415913820266724,
        0,
        0.9341302514076233,
        0.12471622228622437,
        -0.33443447947502136,
        0,
        0.7558972835540771,
        0.034239355474710464,
        5.058717250823975,
        1
      ]
    },
    {
      "timestamp": 15161.301502125,
      "id": 36,
      "planes": [],
      "pose": [
        0.11669626832008362,
        -0.9925771951675415,
        -0.03424227982759476,
        0,
        -0.33026131987571716,
        -0.006266559939831495,
        -0.9438687562942505,
        0,
        0.9366480708122253,
        0.1214548721909523,
        -0.3285411596298218,
        0,
        0.7570286989212036,
        0.036680083721876144,
        5.06212854385376,
        1
      ]
    },
    {
      "timestamp": 15161.801502125,
      "id": 37,
      "planes": [],
      "pose": [
        0.1180255115032196,
        -0.9924558401107788,
        -0.0331861712038517,
        0,
        -0.33891335129737854,
        -0.008846411481499672,
        -0.940775990486145,
        0,
        0.9333850145339966,
        0.12228281795978546,
        -0.3374006748199463,
        0,
        0.7563538551330566,
        0.03454623371362686,
        5.065766334533691,
        0.9999999403953552
      ]
    },
    {
      "pose": [
        0.16763675212860107,
        -0.9856373071670532,
        -0.02041868306696415,
        0,
        -0.29151079058647156,
        -0.029773162677884102,
        -0.956104040145874,
        0,
        0.9417639374732971,
        0.1662304699420929,
        -0.2923150062561035,
        0,
        0.7409080266952515,
        0.020470034331083298,
        5.05655574798584,
        1
      ],
      "planes": [],
      "id": 38,
      "timestamp": 15162.301502125
    },
    {
      "id": 39,
      "planes": [],
      "pose": [
        0.6410662531852722,
        -0.7193346619606018,
        0.2675660252571106,
        0,
        0.3024121820926666,
        -0.08367063105106354,
        -0.9494977593421936,
        0,
        0.7053941488265991,
        0.6896063089370728,
        0.16389703750610352,
        0,
        0.6288526058197021,
        -0.2537955343723297,
        4.637471675872803,
        1
      ],
      "timestamp": 15162.801502125
    },
    {
      "pose": [
        0.6638216972351074,
        -0.48435211181640625,
        0.5698626637458801,
        0,
        0.6396468281745911,
        -0.02715160883963108,
        -0.7681892514228821,
        0,
        0.3875467777252197,
        0.8744516968727112,
        0.2917904853820801,
        0,
        0.5489194393157959,
        -0.3679298460483551,
        4.107102394104004,
        1
      ],
      "planes": [],
      "id": 40,
      "timestamp": 15163.301502125
    },
    {
      "pose": [
        0.6117793917655945,
        -0.42359060049057007,
        0.6680544018745422,
        0,
        0.7371328473091125,
        -0.0011166087351739407,
        -0.6757467985153198,
        0,
        0.28698599338531494,
        0.9058530330657959,
        0.3115594685077667,
        0,
        0.22132346034049988,
        -0.3991551101207733,
        3.6313958168029785,
        1
      ],
      "planes": [],
      "id": 41,
      "timestamp": 15163.801502125
    },
    {
      "id": 42,
      "planes": [],
      "pose": [
        0.5301564931869507,
        -0.4361216723918915,
        0.727139413356781,
        0,
        0.7444327473640442,
        -0.1711181253194809,
        -0.6453977227210999,
        0,
        0.40589869022369385,
        0.8834683895111084,
        0.2339438945055008,
        0,
        -0.07289416342973709,
        -0.4214427173137665,
        3.060288906097412,
        0.9999999403953552
      ],
      "timestamp": 15164.301502125
    },
    {
      "planes": [],
      "timestamp": 15164.801502125,
      "pose": [
        0.6052303314208984,
        -0.5297196507453918,
        0.5942164063453674,
        0,
        0.6735866069793701,
        -0.0570228137075901,
        -0.7369052171707153,
        0,
        0.42423707246780396,
        0.8462537527084351,
        0.32230016589164734,
        0,
        -0.48759934306144714,
        -0.3842754364013672,
        2.4652810096740723,
        1
      ],
      "id": 43
    },
    {
      "pose": [
        0.5034558176994324,
        -0.6795305609703064,
        0.5336386561393738,
        0,
        0.6668694615364075,
        -0.08710237592458725,
        -0.7400663495063782,
        0,
        0.5493789315223694,
        0.7284581661224365,
        0.4093059301376343,
        0,
        -0.8929629325866699,
        -0.2993219196796417,
        1.8865538835525513,
        1
      ],
      "planes": [],
      "timestamp": 15165.301502125,
      "id": 44
    },
    {
      "id": 45,
      "pose": [
        0.5608179569244385,
        -0.8043780326843262,
        0.19610972702503204,
        0,
        0.3579791784286499,
        0.022002805024385452,
        -0.9334702491760254,
        0,
        0.7465479969978333,
        0.59371018409729,
        0.30029022693634033,
        0,
        -1.379461646080017,
        -0.17459696531295776,
        1.488289713859558,
        1
      ],
      "planes": [],
      "timestamp": 15165.801502125
    },
    {
      "timestamp": 15166.301502125,
      "pose": [
        0.4252351224422455,
        -0.8969464898109436,
        0.12108650803565979,
        0,
        0.33667972683906555,
        0.032575950026512146,
        -0.9410555362701416,
        0,
        0.8401318788528442,
        0.4409373104572296,
        0.3158361315727234,
        0,
        -1.7163028717041016,
        -0.082576684653759,
        1.0609866380691528,
        1
      ],
      "id": 46,
      "planes": []
    },
    {
      "id": 47,
      "planes": [],
      "timestamp": 15166.801502125,
      "pose": [
        0.331872820854187,
        -0.9409759640693665,
        -0.0665174052119255,
        0,
        -0.2520127296447754,
        -0.020489485934376717,
        -0.9675069451332092,
        0,
        0.9090378880500793,
        0.3378525376319885,
        -0.24393782019615173,
        0,
        -2.048557996749878,
        -0.05748167261481285,
        0.9152055978775024,
        1
      ]
    },
    {
      "pose": [
        0.26303231716156006,
        -0.9588663578033447,
        -0.10672019422054291,
        0,
        -0.33406490087509155,
        0.013254513964056969,
        -0.9424567818641663,
        0,
        0.9051046967506409,
        0.28354814648628235,
        -0.31683728098869324,
        0,
        -2.2121236324310303,
        -0.07581734657287598,
        0.833054780960083,
        1
      ],
      "timestamp": 15167.301502125,
      "planes": [],
      "id": 48
    },
    {
      "timestamp": 15167.801502125,
      "planes": [],
      "id": 49,
      "pose": [
        0.18146513402462006,
        -0.9808729887008667,
        -0.07041637599468231,
        0,
        -0.35951554775238037,
        0.0004778734582941979,
        -0.9331390261650085,
        0,
        0.9153245091438293,
        0.19464799761772156,
        -0.3525523543357849,
        0,
        -2.1816306114196777,
        -0.12858328223228455,
        0.8522706031799316,
        1
      ]
    },
    {
      "timestamp": 15168.301502125,
      "planes": [],
      "pose": [
        0.18691158294677734,
        -0.980607807636261,
        -0.058926038444042206,
        0,
        -0.339828759431839,
        -0.008261087350547314,
        -0.9404509663581848,
        0,
        0.9217267632484436,
        0.19580598175525665,
        -0.33478283882141113,
        0,
        -2.1527657508850098,
        -0.14821965992450714,
        0.8709909319877625,
        1
      ],
      "id": 50
    },
    {
      "id": 51,
      "planes": [],
      "timestamp": 15168.801502125,
      "pose": [
        0.19292986392974854,
        -0.9792859554290771,
        -0.06145778298377991,
        0,
        -0.3484399616718292,
        -0.009824860841035843,
        -0.9372795224189758,
        0,
        0.9172609448432922,
        0.20224358141422272,
        -0.3431178629398346,
        0,
        -2.146540403366089,
        -0.15269821882247925,
        0.8672659993171692,
        1
      ]
    },
    {
      "id": 52,
      "timestamp": 15169.301502125,
      "planes": [],
      "pose": [
        0.1894410103559494,
        -0.9803390502929688,
        -0.05520329251885414,
        0,
        -0.3448476791381836,
        -0.013787918724119663,
        -0.9385573267936707,
        0,
        0.9193432927131653,
        0.19683800637722015,
        -0.3406796455383301,
        0,
        -2.1495978832244873,
        -0.15378083288669586,
        0.8647685647010803,
        1
      ]
    },
    {
      "id": 53,
      "pose": [
        0.1852569729089737,
        -0.9810457825660706,
        -0.056823763996362686,
        0,
        -0.35451212525367737,
        -0.01279011182487011,
        -0.9349638819694519,
        0,
        0.916515588760376,
        0.1933533251285553,
        -0.3501621186733246,
        0,
        -2.152296781539917,
        -0.1539582908153534,
        0.8687897324562073,
        0.9999999403953552
      ],
      "timestamp": 15169.801502125,
      "planes": []
    },
    {
      "timestamp": 15170.301502125,
      "planes": [],
      "pose": [
        0.1819690465927124,
        -0.9822070002555847,
        -0.04643908515572548,
        0,
        -0.35497960448265076,
        -0.021576063707470894,
        -0.9346250295639038,
        0,
        0.916993260383606,
        0.18655776977539062,
        -0.3525896370410919,
        0,
        -2.1554081439971924,
        -0.15247388184070587,
        0.8661581873893738,
        0.9999999403953552
      ],
      "id": 54
    },
    {
      "timestamp": 15170.801502125,
      "planes": [],
      "pose": [
        0.18319359421730042,
        -0.9818084239959717,
        -0.04992290586233139,
        0,
        -0.3576516807079315,
        -0.019259000197052956,
        -0.9336564540863037,
        0,
        0.9157102704048157,
        0.18889491260051727,
        -0.35467350482940674,
        0,
        -2.160834312438965,
        -0.15287518501281738,
        0.8656933307647705,
        1
      ],
      "id": 55
    },
    {
      "pose": [
        0.18424159288406372,
        -0.9811981916427612,
        -0.05749010294675827,
        0,
        -0.36309751868247986,
        -0.013592465780675411,
        -0.9316519498825073,
        0,
        0.9133537411689758,
        0.19252358376979828,
        -0.35877493023872375,
        0,
        -2.1716880798339844,
        -0.14803512394428253,
        0.8720157742500305,
        1
      ],
      "timestamp": 15171.301502125,
      "planes": [],
      "id": 56
    },
    {
      "pose": [
        0.3914324939250946,
        -0.8824304342269897,
        -0.2609539330005646,
        0,
        -0.6329661011695862,
        -0.052356380969285965,
        -0.7724069952964783,
        0,
        0.6679328680038452,
        0.46752026677131653,
        -0.5790425539016724,
        0,
        -2.134873867034912,
        -0.24840380251407623,
        0.8829941153526306,
        1
      ],
      "id": 57,
      "timestamp": 15171.801502125,
      "planes": []
    },
    {
      "id": 58,
      "planes": [],
      "pose": [
        -0.12140358984470367,
        -0.862726092338562,
        -0.4908815026283264,
        0,
        -0.9411681294441223,
        -0.05707867443561554,
        0.33308330178260803,
        0,
        -0.3153785765171051,
        0.5024396181106567,
        -0.8050408363342285,
        0,
        -1.6097577810287476,
        -0.25697460770606995,
        1.0567131042480469,
        1
      ],
      "timestamp": 15172.301502125
    },
    {
      "timestamp": 15172.801502125,
      "pose": [
        -0.6464913487434387,
        -0.7609809041023254,
        0.05437813326716423,
        0,
        0.12591466307640076,
        -0.03612859547138214,
        0.9913830161094666,
        0,
        -0.752458930015564,
        0.6477676033973694,
        0.11917545646429062,
        0,
        -1.0173364877700806,
        -0.2894839346408844,
        0.7808083891868591,
        1
      ],
      "id": 59,
      "planes": []
    },
    {
      "planes": [],
      "pose": [
        -0.3193681538105011,
        -0.9148320555686951,
        0.24715600907802582,
        0,
        0.5750786066055298,
        0.020194364711642265,
        0.817848801612854,
        0,
        -0.7531854510307312,
        0.40332910418510437,
        0.5196508765220642,
        0,
        -0.6284098029136658,
        -0.09882426261901855,
        0.5297025442123413,
        0.9999999403953552
      ],
      "id": 60,
      "timestamp": 15173.301502125
    },
    {
      "planes": [],
      "id": 61,
      "pose": [
        -0.10063486546278,
        -0.9944261908531189,
        0.03144947439432144,
        0,
        0.5433609485626221,
        -0.028453022241592407,
        0.8390167355537415,
        0,
        -0.8334453701972961,
        0.1015227809548378,
        0.5431957244873047,
        0,
        -0.37919294834136963,
        0.07548656314611435,
        0.2571210563182831,
        0.9999998807907104
      ],
      "timestamp": 15173.801502125
    },
    {
      "planes": [],
      "pose": [
        -0.1165311262011528,
        -0.9918295741081238,
        0.05190921947360039,
        0,
        0.47199681401252747,
        -0.009317832067608833,
        0.8815509080886841,
        0,
        -0.8738646507263184,
        0.12722912430763245,
        0.46922627091407776,
        0,
        -0.17537842690944672,
        0.05120950937271118,
        0.0460318997502327,
        1.0000001192092896
      ],
      "id": 62,
      "timestamp": 15174.301502125
    },
    {
      "id": 63,
      "timestamp": 15174.801502125,
      "pose": [
        -0.10064827650785446,
        -0.994354248046875,
        0.03360539302229881,
        0,
        0.4663933217525482,
        -0.017318589612841606,
        0.8844078183174133,
        0,
        -0.8788328170776367,
        0.10468747466802597,
        0.46550336480140686,
        0,
        -0.10482057929039001,
        0.0779934674501419,
        -0.05219507962465286,
        0.9999999403953552
      ],
      "planes": []
    },
    {
      "planes": [],
      "id": 64,
      "timestamp": 15175.301502125,
      "pose": [
        -0.09992694109678268,
        -0.9944871068000793,
        0.0317765474319458,
        0,
        0.4774034321308136,
        -0.019900795072317123,
        0.8784586787223816,
        0,
        -0.8729835748672485,
        0.10295195132493973,
        0.47676023840904236,
        0,
        -0.08613612502813339,
        -0.002413137350231409,
        -0.014398843981325626,
        0.9999998807907104
      ]
    },
    {
      "planes": [],
      "id": 65,
      "timestamp": 15175.801502125,
      "pose": [
        -0.10308830440044403,
        -0.9938430786132812,
        0.04060516878962517,
        0,
        0.47811177372932434,
        -0.013713025487959385,
        0.8781920075416565,
        0,
        -0.87222820520401,
        0.109945148229599,
        0.4765816628932953,
        0,
        -0.08575472235679626,
        -0.003828683402389288,
        -0.017533762380480766,
        1.0000001192092896
      ]
    },
    {
      "timestamp": 15176.301502125,
      "pose": [
        -0.09472312033176422,
        -0.995009183883667,
        0.03137090057134628,
        0,
        0.44838178157806396,
        -0.014507589861750603,
        0.8937243819236755,
        0,
        -0.8888088464736938,
        0.09872251749038696,
        0.4475181996822357,
        0,
        -0.09607763588428497,
        -0.0015860237181186676,
        -0.03359247371554375,
        1
      ],
      "id": 66,
      "planes": []
    },
    {
      "planes": [],
      "pose": [
        -0.08926709741353989,
        -0.9957958459854126,
        0.020539073273539543,
        0,
        0.45430970191955566,
        -0.02235756441950798,
        0.8905631303787231,
        0,
        -0.8863599300384521,
        0.08882910013198853,
        0.4543955326080322,
        0,
        -0.101563461124897,
        -0.0005915500223636627,
        -0.028960689902305603,
        1
      ],
      "id": 67,
      "timestamp": 15176.801502125
    },
    {
      "pose": [
        -0.08356998860836029,
        -0.9963386058807373,
        0.01803634688258171,
        0,
        0.4483594596385956,
        -0.02143065258860588,
        0.893596351146698,
        0,
        -0.8899380564689636,
        0.08276461809873581,
        0.4485088288784027,
        0,
        -0.10401421040296555,
        0.0008710622787475586,
        -0.026670588180422783,
        1
      ],
      "planes": [],
      "timestamp": 15177.301502125,
      "id": 68
    },
    {
      "id": 69,
      "planes": [],
      "pose": [
        -0.08966750651597977,
        -0.9956967234611511,
        0.023400353267788887,
        0,
        0.45037710666656494,
        -0.01958075538277626,
        0.8926235437393188,
        0,
        -0.8883241415023804,
        0.0905783399939537,
        0.4501948058605194,
        0,
        -0.10121417790651321,
        -0.00048766154213808477,
        -0.028794502839446068,
        0.9999998807907104
      ],
      "timestamp": 15177.801502125
    },
    {
      "id": 70,
      "timestamp": 15178.301502125,
      "pose": [
        -0.1837090700864792,
        -0.9829590916633606,
        -0.006505146622657776,
        0,
        0.3287026286125183,
        -0.0676666647195816,
        0.9420062303543091,
        0,
        -0.9263937473297119,
        0.1709168404340744,
        0.33553221821784973,
        0,
        -0.031355638056993484,
        -0.06370840966701508,
        0.08540333062410355,
        0.9999999403953552
      ],
      "planes": []
    },
    {
      "timestamp": 15178.801502125,
      "id": 71,
      "planes": [],
      "pose": [
        -0.4883880615234375,
        -0.851051390171051,
        -0.1928432583808899,
        0,
        -0.35494810342788696,
        -0.008139587007462978,
        0.9348505139350891,
        0,
        -0.7971755266189575,
        0.5250192880630493,
        -0.29810380935668945,
        0,
        0.14000169932842255,
        -0.26637884974479675,
        0.7295054197311401,
        1
      ]
    },
    {
      "timestamp": 15179.301502125,
      "id": 72,
      "pose": [
        -0.5629375576972961,
        -0.5775405764579773,
        -0.591225802898407,
        0,
        -0.7310869693756104,
        0.014303668402135372,
        0.682134211063385,
        0,
        -0.38550350069999695,
        0.816236674785614,
        -0.4302844703197479,
        0,
        0.26934942603111267,
        -0.4252895712852478,
        1.2682374715805054,
        1
      ],
      "planes": []
    },
    {
      "timestamp": 15179.801502125,
      "id": 73,
      "pose": [
        -0.12385579943656921,
        -0.5486836433410645,
        -0.8268044590950012,
        0,
        -0.9870669841766357,
        -0.017335541546344757,
        0.1593674123287201,
        0,
        -0.10177543759346008,
        0.835850179195404,
        -0.5394404530525208,
        0,
        0.32784879207611084,
        -0.42090070247650146,
        1.8317121267318726,
        0.9999998807907104
      ],
      "planes": []
    },
    {
      "planes": [],
      "pose": [
        -0.29688286781311035,
        -0.5916900038719177,
        -0.7495087385177612,
        0,
        -0.8939719200134277,
        -0.10368949919939041,
        0.4359615743160248,
        0,
        -0.3356702923774719,
        0.7994694709777832,
        -0.4981706440448761,
        0,
        0.5949577689170837,
        -0.3841226100921631,
        2.3625199794769287,
        0.9999999403953552
      ],
      "id": 74,
      "timestamp": 15180.301502125
    },
    {
      "id": 75,
      "timestamp": 15180.801502125,
      "pose": [
        -0.34316912293434143,
        -0.8253660202026367,
        -0.44833648204803467,
        0,
        -0.8466778993606567,
        0.06516774743795395,
        0.5280999541282654,
        0,
        -0.40665867924690247,
        0.5608243346214294,
        -0.7211827635765076,
        0,
        0.8279846906661987,
        -0.1994684785604477,
        2.9403207302093506,
        1
      ],
      "planes": []
    },
    {
      "pose": [
        -0.33468708395957947,
        -0.9390398263931274,
        -0.07866696268320084,
        0,
        -0.2555842995643616,
        0.010106881149113178,
        0.9667338132858276,
        0,
        -0.9070066213607788,
        0.3436594605445862,
        -0.24338652193546295,
        0,
        1.126092553138733,
        -0.040260810405015945,
        3.1726720333099365,
        1
      ],
      "timestamp": 15181.301502125,
      "planes": [],
      "id": 76
    },
    {
      "planes": [],
      "pose": [
        -0.175810769200325,
        -0.9817708730697632,
        0.07222487032413483,
        0,
        0.23278243839740753,
        0.029825758188962936,
        0.9720712900161743,
        0,
        -0.956505537033081,
        0.18771331012248993,
        0.22329534590244293,
        0,
        1.271188497543335,
        0.007510270923376083,
        3.1719675064086914,
        1
      ],
      "timestamp": 15181.801502125,
      "id": 77
    },
    {
      "timestamp": 15182.301502125,
      "planes": [],
      "id": 78,
      "pose": [
        -0.19566278159618378,
        -0.9764269590377808,
        0.09113866090774536,
        0,
        0.27625566720962524,
        0.03429156169295311,
        0.9604721665382385,
        0,
        -0.9409562945365906,
        0.21310625970363617,
        0.2630338966846466,
        0,
        1.2295761108398438,
        -0.053024377673864365,
        3.153607130050659,
        0.9999998807907104
      ]
    },
    {
      "timestamp": 15182.801502125,
      "id": 79,
      "planes": [],
      "pose": [
        -0.18457508087158203,
