{
  "location_data": [],
  "tag_data": [
    [
      {
        "tag_pose": [
          0.008095506578683853,
          -0.9965290427207947,
          0.0828525722026825,
          -0.06946537643671036,
          -0.9999666810035706,
          -0.007979639805853367,
          0.0017295380821451545,
          0.01962103135883808,
          -0.0010624006390571594,
          -0.08286380767822266,
          -0.9965603351593018,
          0.5802146792411804,
          0,
          0,
          0,
          1
        ],
        "tag_corners_pixel_coordinates": [
          967.2406814574587,
          978.983762339705,
          970.6044390392624,
          564.0857642919282,
          548.3963420083883,
          557.3596379666619,
          545.0775544606889,
          981.3636825241606
        ],
        "tag_position_variance": [
          5.4191017641389495e-08,
          3.8153482129829636e-08,
          1.1040346955790524e-06
        ],
        "pose_id": 6,
        "orig_pose": [
          -0.002513470650773746,
          -0.9956688793269469,
          0.09293635028937584,
          -0.0738704326411926,
          -0.9983551068910353,
          0.007821720617897255,
          0.056797017801687354,
          0.02086536515291692,
          -0.05727794523092923,
          -0.09264072228991649,
          -0.994050770113743,
          0.6170098586992833,
          0,
          0,
          0,
          1
        ],
        "tag_orientation_variance": [
          9.964525602113505e-05,
          3.679191476132372e-05,
          0.026235052167828506,
          0.025924728250236527
        ],
        "tag_id": 306,
        "joint_covar": [
          1.5238714891319475e-07,
          8.964278812723407e-09,
          -1.3532291155745175e-07,
          -5.016327901324792e-07,
          -1.067905406840794e-06,
          6.091176574012551e-05,
          -6.045321651244595e-05,
          8.964278812723429e-09,
          6.19308680130294e-08,
          -3.034932661375332e-08,
          7.720890008448618e-07,
          8.21905272620854e-07,
          4.4078272928057035e-06,
          -4.2663900094184715e-06,
          -1.3532291155745088e-07,
          -3.034932661375338e-08,
          1.3164024866499986e-06,
          -1.1594751590548395e-06,
          -3.4781782537161797e-06,
          -5.340175856034611e-06,
          5.02600744792477e-06,
          -5.016327901324252e-07,
          7.720890008448641e-07,
          -1.159475159054813e-06,
          0.00011321138832498016,
          5.527860455632971e-06,
          -0.0015114591371536118,
          0.001506509936369667,
          -1.0679054068408251e-06,
          8.219052726208508e-07,
          -3.47817825371617e-06,
          5.527860455633694e-06,
          7.119911422716946e-05,
          -0.00033452643368515536,
          0.0003354975535807969,
          6.0911765740124067e-05,
          4.4078272928050395e-06,
          -5.340175856034216e-06,
          -0.0015114591371536835,
          -0.00033452643368513287,
          0.05261877594292053,
          -0.052271899025082405,
          -6.045321651244567e-05,
          -4.266390009418796e-06,
          5.026007447926159e-06,
          0.0015065099363696696,
          0.0003354975535807688,
          -0.052271899025082405,
          0.05192927776432682
        ],
        "timestamp": 2681.697970791,
        "camera_intrinsics": [
          1601.0513916015625,
          1601.0513916015625,
          951.8043212890625,
          716.3466796875
        ]
      }
    ],
    [
      {
        "orig_pose": [
          -0.008212603302441349,
          -0.9970827463519195,
          0.07588511101863485,
          -0.06735586034559685,
          -0.998107791851584,
          0.012798268870208561,
          0.0601418336857191,
          0.015076780291677153,
          -0.06093758275605931,
          -0.07524759957127972,
          -0.9953011653598168,
          0.6190266895161786,
          0,
          0,
          0,
          1
        ],
        "tag_corners_pixel_coordinates": [
          984.8266944444757,
          962.5213767116028,
          986.4346804348586,
          548.7222860144025,
          566.0088038710901,
          543.8191950686471,
          564.7038542878146,
          965.9880969333459
        ],
        "tag_orientation_variance": [
          0.0004121343031220417,
          5.036822631572184e-05,
          0.05372709544938312,
          0.05257992139781878
        ],
        "tag_position_variance": [
          5.142298561032764e-08,
          3.789638861071161e-08,
          1.1190231458900072e-06
        ],
        "timestamp": 2682.197970791,
        "joint_covar": [
          1.1065311542915791e-07,
          6.761018716856891e-07,
          1.720508331537254e-07,
          6.465841454033015e-05,
          -3.6074604171434777e-06,
          -0.0006363610445282766,
          0.0006306289697145087,
          6.761018716862625e-07,
          1.3603811228160803e-05,
          5.784930843912501e-06,
          0.001282770240212512,
          -5.9727957751937016e-05,
          -0.012861135022135265,
          0.012744304126370792,
          1.7205083315422094e-07,
          5.784930843913204e-06,
          3.819619166119737e-06,
          0.0005500302599499136,
          -2.9519920732841115e-05,
          -0.0055305047466707525,
          0.005479986322535282,
          6.465841454041967e-05,
          0.0012827702402125431,
          0.0005500302599498194,
          0.12141079705976572,
          -0.005739801303161049,
          -1.2174663050835497,
          1.2064015020714403,
          -3.60746041714587e-06,
          -5.972795775193441e-05,
          -2.951992073283714e-05,
          -0.005739801303160733,
          0.00033964068339569414,
          0.05757293163270006,
          -0.05704658073914257,
          -0.0006363610445287277,
          -0.012861135022135537,
          -0.005530504746670537,
          -1.2174663050835737,
          0.05757293163270447,
          12.215587564988827,
          -12.104519651355035,
          0.0006306289697150489,
          0.012744304126371135,
          0.005479986322534959,
          1.2064015020714693,
          -0.057046580739146854,
          -12.104519651355032,
          11.994463484010453
        ],
        "tag_pose": [
          0.0038216107059270144,
          -0.997048020362854,
          0.07668528705835342,
          -0.06335236132144928,
          -0.9999880194664001,
          -0.003578153671696782,
          0.003311899257823825,
          0.014180591329932213,
          -0.003027732716873288,
          -0.07669702917337418,
          -0.9970498085021973,
          0.582231342792511,
          0,
          0,
          0,
          0.9999999403953552
        ],
        "tag_id": 306,
        "pose_id": 7,
        "camera_intrinsics": [
          1601.0513916015625,
          1601.0513916015625,
          951.8067626953125,
          716.3543701171875
        ]
      }
    ],
    [
      {
        "timestamp": 2689.697970791,
        "orig_pose": [
          0.0452933479368438,
          -0.9746959531986216,
          0.218897947571243,
          -0.09027929237383324,
          -0.9850944939595182,
          -0.00717917283973713,
          0.17186418314465088,
          0.0017687365747902047,
          -0.16594381761100027,
          -0.22341946713652291,
          -0.9604927855539153,
          0.5878413671461995,
          0,
          0,
          0,
          1
        ],
        "tag_id": 306,
        "tag_pose": [
          0.042786985635757446,
          -0.9691815376281738,
          0.24260349571704865,
          -0.08361878246068954,
          -0.992623507976532,
          -0.01366729848086834,
          0.12046516686677933,
          0.0016382192261517048,
          -0.11343687772750854,
          -0.24596823751926422,
          -0.9626170992851257,
          0.544471263885498,
          0,
          0,
          0,
          1
        ],
        "tag_position_variance": [
          5.9202344901967765e-08,
          3.395504311978088e-08,
          9.168847818936667e-07
        ],
        "joint_covar": [
          9.817408401547735e-08,
          2.0466520199021816e-08,
          -2.4628591246646084e-07,
          1.6009517549747954e-05,
          -2.844376230048375e-06,
          -7.150624807470294e-05,
          7.334827230288098e-05,
          2.0466520199017478e-08,
          6.564979924072336e-08,
          -8.214996806059238e-08,
          3.184018789629605e-05,
          -4.9090589796210485e-06,
          -0.00015097162984096694,
          0.00015481081796961816,
          -2.4628591246646354e-07,
          -8.214996806060553e-08,
          1.2876485408351635e-06,
          -2.0320991967768674e-05,
          1.504236322007884e-06,
          8.07822031195999e-05,
          -8.319134242340836e-05,
          1.600951754974034e-05,
          3.184018789629367e-05,
          -2.0320991967748596e-05,
          0.05618045786585819,
          -0.00969500214605752,
          -0.27070641434632176,
          0.27743288423767193,
          -2.844376230047991e-06,
          -4.909058979621055e-06,
          1.5042363220073797e-06,
          -0.00969500214605754,
          0.001708851308973237,
          0.0467452885873947,
          -0.04790345751347415,
          -7.15062480746713e-05,
          -0.00015097162984095385,
          8.078220311951573e-05,
          -0.27070641434632065,
          0.04674528858739448,
          1.3053798879423415,
          -1.3377994133469713,
          7.334827230288557e-05,
          0.0001548108179696226,
          -8.319134242343643e-05,
          0.27743288423767215,
          -0.04790345751347393,
          -1.3377994133469717,
          1.3710259395931754
        ],
        "tag_corners_pixel_coordinates": [
          914.9775305457486,
          933.960777112208,
          932.5145708403838,
          507.33058030781723,
          477.3678852017783,
          485.82176248862606,
          473.2892625706061,
          942.9934909903246
        ],
        "tag_orientation_variance": [
          0.03855291835441741,
          0.001230041917476251,
          0.9091250930783081,
          0.9545043415796305
        ],
        "pose_id": 22,
        "camera_intrinsics": [
          1592.9171142578125,
          1592.9171142578125,
          951.7865600585938,
          716.3394775390625
        ]
      }
    ],
    [
      {
        "camera_intrinsics": [
          1608.7337646484375,
          1608.7337646484375,
          951.7850341796875,
          716.3480224609375
        ],
        "tag_position_variance": [
          1.387019308987545e-07,
          6.50357204177148e-08,
          2.680663825717113e-06
        ],
        "tag_id": 306,
        "pose_id": 35,
        "joint_covar": [
          1.0067640386171965e-06,
          -4.3329191491015975e-08,
          -4.635401182500537e-06,
          -0.0003965996673457477,
          0.00029203183266596244,
          0.0030821582206357365,
          -0.0030783703106388094,
          -4.332919149101653e-08,
          8.37376708336465e-08,
          2.0648399592931367e-07,
          1.9531715360510442e-05,
          -1.25244291863814e-05,
          -0.00014358478622622807,
          0.00014359571010191954,
          -4.635401182499959e-06,
          2.0648399592948432e-07,
          2.341431375951608e-05,
          0.001989248499847365,
          -0.0014677631186879134,
          -0.01541234154102012,
          0.015393594044258191,
          -0.0003965996673457368,
          1.9531715360514176e-05,
          0.0019892484998473062,
          0.2019770534581992,
          -0.14770701860812516,
          -1.556303574779903,
          1.5545618799056102,
          0.00029203183266600136,
          -1.252442918637052e-05,
          -0.0014677631186880305,
          -0.14770701860812355,
          0.10820338627666934,
          1.138858189589507,
          -1.1375664919863087,
          0.0030821582206359012,
          -0.00014358478622618926,
          -0.015412341541020615,
          -1.5563035747798957,
          1.1388581895895065,
          11.999696562007875,
          -11.986157232393724,
          -0.0030783703106389967,
          0.00014359571010187189,
          0.015393594044258756,
          1.5545618799056022,
          -1.1375664919863084,
          -11.986157232393726,
          11.972637371559866
        ],
        "timestamp": 2696.197970791,
        "tag_pose": [
          -0.00017525575822219253,
          -0.9735910296440125,
          0.22829894721508026,
          -0.1204754188656807,
          -0.9994676113128662,
          -0.007277438882738352,
          -0.031802210956811905,
          0.038220275193452835,
          0.0326237678527832,
          -0.22818300127983093,
          -0.9730715155601501,
          0.7236260175704956,
          0,
          0,
          0,
          0.9999998807907104
        ],
        "tag_corners_pixel_coordinates": [
          850.555917115392,
          966.2837814120713,
          851.173474479369,
          635.881448156178,
          510.3554169393064,
          629.4330038699857,
          507.30611657150274,
          976.0722805830371
        ],
        "orig_pose": [
          0.011458644059205127,
          -0.9781977380443887,
          0.2073593131768278,
          -0.12897532309292428,
          -0.998156847131412,
          0.0011696482190748621,
          0.06067569898832954,
          0.04091696232689182,
          -0.059595368956012,
          -0.20767237950166828,
          -0.976381367494849,
          0.7746815179654643,
          0,
          0,
          0,
          1
        ],
        "tag_orientation_variance": [
          0.03284159690896888,
          0.01616802018539916,
          1.843300648828937,
          1.8409302207248905
        ]
      }
    ]
  ],
  "pose_data": [
    {
      "planes": [],
      "timestamp": 2678.697970791,
      "pose": [
        -0.03617105633020401,
        -0.951411247253418,
        0.30579155683517456,
        0,
        0.9993455410003662,
        -0.034436073154211044,
        0.011068077757954597,
        0,
        -3.62445859991567e-08,
        0.30599185824394226,
        0.9520342350006104,
        0,
        0,
        0,
        0,
        1
      ],
      "id": 0
    },
    {
      "planes": [],
      "pose": [
        -0.0019151911837980151,
        -0.9758479595184326,
        0.21844229102134705,
        0,
        0.9998836517333984,
        0.001436326652765274,
        0.01518297754228115,
        0,
        -0.01513003371655941,
        0.21844597160816193,
        0.9757316708564758,
        0,
        0,
        0,
        0,
        1
      ],
      "id": 1,
      "timestamp": 2679.197970791
    },
    {
      "id": 2,
      "planes": [],
      "pose": [
        0.0061258780770003796,
        -0.9861541986465454,
        0.16571775078773499,
        0,
        0.9995514750480652,
        0.010897104628384113,
        0.027897397056221962,
        0,
        -0.0293169766664505,
        0.16547252237796783,
        0.9857786297798157,
        0,
        -0.014147931709885597,
        -0.006144311279058456,
        -0.014571283012628555,
        1
      ],
      "timestamp": 2679.697970791
    },
    {
      "pose": [
        0.009994473308324814,
        -0.9921483993530273,
        0.12466590106487274,
        0,
        0.9994885921478271,
        0.01369914785027504,
        0.028895026072859764,
        0,
        -0.030375968664884567,
        0.1243133693933487,
        0.9917778372764587,
        0,
        -0.024590175598859787,
        -0.019674427807331085,
        -0.015003114938735962,
        1
      ],
      "id": 3,
      "planes": [],
      "timestamp": 2680.197970791
    },
    {
      "planes": [],
      "timestamp": 2680.697970791,
      "id": 4,
      "pose": [
        0.010010448284447193,
        -0.993735671043396,
        0.1113065630197525,
        0,
        0.9994036555290222,
        0.013621524907648563,
        0.03172963112592697,
        0,
        -0.03304702788591385,
        0.11092255264520645,
        0.9932794570922852,
        0,
        -0.02607746608555317,
        -0.026563897728919983,
        -0.013565372675657272,
        1
      ]
    },
    {
      "pose": [
        0.006358624901622534,
        -0.9964485764503479,
        0.08396206051111221,
        0,
        0.9995393753051758,
        0.008824932388961315,
        0.029035678133368492,
        0,
        -0.029673520475625992,
        0.0837387666106224,
        0.9960457682609558,
        0,
        -0.02732224017381668,
        -0.035170067101716995,
        -0.014919664710760117,
        0.9999998807907104
      ],
      "id": 5,
      "planes": [],
      "timestamp": 2681.197970791
    },
    {
      "timestamp": 2681.697970791,
      "planes": [],
      "pose": [
        0.005858166143298149,
        -0.9965288639068604,
        0.08304045349359512,
        0,
        0.9996496438980103,
        0.007979482412338257,
        0.02523675374686718,
        0,
        -0.025811776518821716,
        0.08286352455615997,
        0.9962266087532043,
        0,
        -0.028568658977746964,
        -0.03840655833482742,
        -0.01569480262696743,
        0.9999999403953552
      ],
      "id": 6
    },
    {
      "planes": [],
      "pose": [
        0.0021983173210173845,
        -0.997048020362854,
        0.07674865424633026,
        0,
        0.999834418296814,
        0.0035779972095042467,
        0.01784372143447399,
        0,
        -0.01806565187871456,
        0.0766967162489891,
        0.9968907237052917,
        0,
        -0.029790479689836502,
        -0.03675147891044617,
        -0.01578415557742119,
        1
      ],
      "timestamp": 2682.197970791,
      "id": 7
    },
    {
      "planes": [],
      "id": 8,
      "timestamp": 2682.697970791,
      "pose": [
        0.012039690278470516,
        -0.99705570936203,
        0.0757296234369278,
        0,
        0.9998074769973755,
        0.01317725982517004,
        0.014539740048348904,
        0,
        -0.01549484021961689,
        0.07553999125957489,
        0.9970223307609558,
        0,
        -0.0340481698513031,
        -0.03546980023384094,
        -0.01652093045413494,
        0.9999999403953552
      ]
    },
    {
      "planes": [],
      "id": 9,
      "pose": [
        -0.0009420121787115932,
        -0.9952548146247864,
        0.09729781746864319,
        0,
        0.9997738003730774,
        0.0011298895115032792,
        0.02123713679611683,
        0,
        -0.021246299147605896,
        0.09729582816362381,
        0.9950286746025085,
        0,
        -0.017554791644215584,
        -0.03186321258544922,
        -0.0038858093321323395,
        1
      ],
      "timestamp": 2683.197970791
    },
    {
      "id": 10,
      "planes": [],
      "pose": [
        -0.15298408269882202,
        -0.9695453643798828,
        0.1912527233362198,
        0,
        0.7855525612831116,
        -0.0018889278871938586,
        0.6187919974327087,
        0,
        -0.5995855927467346,
        0.24490442872047424,
        0.7619179487228394,
        0,
        0.29433342814445496,
        -0.028376050293445587,
        0.1788104623556137,
        1
      ],
      "timestamp": 2683.697970791
    },
    {
      "id": 11,
      "pose": [
        -0.6004612445831299,
        -0.7995126247406006,
        -0.015026709996163845,
        0,
        -0.005817272700369358,
        -0.014423594810068607,
        0.9998791813850403,
        0,
        -0.799632728099823,
        0.600476086139679,
        0.004009826574474573,
        0,
        0.6111997365951538,
        -0.1425790786743164,
        0.5068855881690979,
        1.0000001192092896
      ],
      "planes": [],
      "timestamp": 2684.197970791
    },
    {
      "timestamp": 2684.697970791,
      "id": 12,
      "pose": [
        -0.5371140837669373,
        -0.670477569103241,
        -0.5118283033370972,
        0,
        -0.6867250800132751,
        -0.0047713532112538815,
        0.7269015908241272,
        0,
        -0.48981335759162903,
        0.7419144511222839,
        -0.45787104964256287,
        0,
        0.7657726407051086,
        -0.191236212849617,
        0.8228316903114319,
        1
      ],
      "planes": []
    },
    {
      "pose": [
        -0.32763034105300903,
        -0.8108943104743958,
        -0.48488011956214905,
        0,
        -0.8335309028625488,
        0.006443684920668602,
        0.5524352192878723,
        0,
        -0.4448421895503998,
        0.5851571559906006,
        -0.6780166029930115,
        0,
        0.9092653393745422,
        -0.10572901368141174,
        1.1780741214752197,
        1
      ],
      "planes": [],
      "id": 13,
      "timestamp": 2685.197970791
    },
    {
      "timestamp": 2685.697970791,
      "id": 14,
      "pose": [
        -0.4740084707736969,
        -0.8755808472633362,
        -0.0931345671415329,
        0,
        -0.36977624893188477,
        0.1019509807229042,
        0.9235103726387024,
        0,
        -0.799112856388092,
        0.4721907377243042,
        -0.37209463119506836,
        0,
        1.4714288711547852,
        -0.0693889781832695,
        1.2952890396118164,
        0.9999999403953552
      ],
      "planes": []
    },
    {
      "pose": [
        -0.3961488902568817,
        -0.8140802383422852,
        0.42466408014297485,
        0,
        0.6290499567985535,
        0.09628014266490936,
        0.7713796496391296,
        0,
        -0.6688514947891235,
        0.5727160573005676,
        0.47395583987236023,
        0,
        1.8849780559539795,
        -0.08368654549121857,
        0.919647216796875,
        1.0000001192092896
      ],
      "id": 15,
      "timestamp": 2686.197970791,
      "planes": []
    },
    {
      "id": 16,
      "pose": [
        0.3718935251235962,
        -0.7706094980239868,
        0.517548143863678,
        0,
        0.807125985622406,
        -0.006960168946534395,
        -0.5903382897377014,
        0,
        0.4585224986076355,
        0.6372695565223694,
        0.6193904876708984,
        0,
        1.4824007749557495,
        -0.12280688434839249,
        0.39982521533966064,
        0.9999999403953552
      ],
      "timestamp": 2686.697970791,
      "planes": []
    },
    {
      "pose": [
        0.6031500101089478,
        -0.7673097252845764,
        0.21782049536705017,
        0,
        0.3352697789669037,
        -0.003901682561263442,
        -0.9421141743659973,
        0,
        0.723743200302124,
        0.6412647366523743,
        0.2549024820327759,
        0,
        0.9936245679855347,
        -0.10755299031734467,
        0.37528860569000244,
        1
      ],
      "id": 17,
      "planes": [],
      "timestamp": 2687.197970791
    },
    {
      "pose": [
        0.5293983221054077,
        -0.8461720943450928,
        0.06107494607567787,
        0,
        0.05659297853708267,
        -0.03660702332854271,
        -0.9977259635925293,
        0,
        0.8464837074279785,
        0.5316509008407593,
        0.02850770205259323,
        0,
        0.5348414778709412,
        -0.06513634324073792,
        0.39482924342155457,
        0.9999999403953552
      ],
      "timestamp": 2687.697970791,
      "planes": [],
      "id": 18
    },
    {
      "pose": [
        0.2634428143501282,
        -0.9308197498321533,
        0.2533225417137146,
        0,
        0.7243403196334839,
        0.01743273064494133,
        -0.6892222166061401,
        0,
        0.6371256113052368,
        0.3650623559951782,
        0.6788228154182434,
        0,
        0.2656727433204651,
        0.04926605895161629,
        0.22271116077899933,
        1
      ],
      "timestamp": 2688.197970791,
      "id": 19,
      "planes": []
    },
    {
      "id": 20,
      "timestamp": 2688.697970791,
      "pose": [
        0.09221003204584122,
        -0.9518329501152039,
        0.29242315888404846,
        0,
        0.9766634702682495,
        0.029246587306261063,
        -0.21277488768100739,
        0,
        0.19397376477718353,
        0.30521902441978455,
        0.932317316532135,
        0,
        0.20982444286346436,
        0.041729483753442764,
        0.034700557589530945,
        1
      ],
      "planes": []
    },
    {
      "pose": [
        0.059985462576150894,
        -0.9666244387626648,
        0.24907593429088593,
        0,
        0.9880353212356567,
        0.021979060024023056,
        -0.1526532918214798,
        0,
        0.14208394289016724,
        0.255252867937088,
        0.9563775658607483,
        0,
        0.05718255788087845,
        0.041293829679489136,
        -0.040599264204502106,
        0.9999999403953552
      ],
      "planes": [],
      "timestamp": 2689.197970791,
      "id": 21
    },
    {
      "pose": [
        0.03579670190811157,
        -0.9691816568374634,
        0.2437322735786438,
        0,
        0.9956756234169006,
        0.013667195104062557,
        -0.09188733249902725,
        0,
        0.085724376142025,
        0.2459675669670105,
        0.965479850769043,
        0,
        0.013391774147748947,
        0.031101044267416,
        -0.04844646900892258,
        1
      ],
      "planes": [],
      "id": 22,
      "timestamp": 2689.697970791
    },
    {
      "pose": [
        0.04576124623417854,
        -0.9711403846740723,
        0.23407745361328125,
        0,
        0.9969746470451355,
        0.02966146729886532,
        -0.07184526324272156,
        0,
        0.06282875686883926,
        0.2366570383310318,
        0.9695596694946289,
        0,
        0.020394951105117798,
        0.03552540764212608,
        -0.03629424422979355,
        1
      ],
      "id": 23,
      "timestamp": 2690.197970791,
      "planes": []
    },
    {
      "id": 24,
      "planes": [],
      "pose": [
        0.03156455233693123,
        -0.9716538786888123,
        0.23429115116596222,
        0,
        0.9968937039375305,
        0.013682330958545208,
        -0.07756168395280838,
        0,
        0.07215744256973267,
        0.2360115647315979,
        0.9690675139427185,
        0,
        0.02305932156741619,
        0.029035083949565887,
        -0.03437478840351105,
        0.9999999403953552
      ],
      "timestamp": 2690.697970791
    },
    {
      "id": 25,
      "planes": [],
      "timestamp": 2691.197970791,
      "pose": [
        0.21432217955589294,
        -0.9224129915237427,
        0.3212788999080658,
        0,
        0.8756576776504517,
        0.03571254014968872,
        -0.48161008954048157,
        0,
        0.4327697455883026,
        0.3845500648021698,
        0.815372109413147,
        0,
        -0.13503406941890717,
        -0.05215046927332878,
        -0.07239967584609985,
        1
      ]
    },
    {
      "pose": [
        0.3494032621383667,
        -0.9228994846343994,
        0.1617831438779831,
        0,
        0.5259833335876465,
        0.0503038726747036,
        -0.8490058779716492,
        0,
        0.7754087448120117,
        0.3817406892776489,
        0.503006100654602,
        0,
        -0.5933731198310852,
        -0.058354973793029785,
        -0.09372866898775101,
        1
      ],
      "timestamp": 2691.697970791,
      "planes": [],
      "id": 26
    },
    {
      "planes": [],
      "timestamp": 2692.197970791,
      "pose": [
        0.37237799167633057,
        -0.9280410408973694,
        0.008624888956546783,
        0,
        0.062651127576828,
        0.015864647924900055,
        -0.9979093670845032,
        0,
        0.9259641170501709,
        0.3721398711204529,
        0.06405045837163925,
        0,
        -1.067491888999939,
        -0.0971609354019165,
        -0.09597112238407135,
        0.9999999403953552
      ],
      "id": 27
    },
    {
      "id": 28,
      "planes": [],
      "timestamp": 2692.697970791,
      "pose": [
        0.10175704210996628,
        -0.965835452079773,
        -0.23834288120269775,
        0,
        -0.6722135543823242,
        0.10985621809959412,
        -0.7321615815162659,
        0,
        0.733331024646759,
        0.234719917178154,
        -0.6380691528320312,
        0,
        -1.4071873426437378,
        -0.04576259106397629,
        0.23043781518936157,
        1
      ]
    },
    {
      "timestamp": 2693.197970791,
      "planes": [],
      "id": 29,
      "pose": [
        -0.22380974888801575,
        -0.9690766334533691,
        -0.10392113775014877,
        0,
        -0.9743833541870117,
        0.22488947212696075,
        0.0013602923136204481,
        0,
        0.022052541375160217,
        0.1015634760260582,
        -0.9945846199989319,
        0,
        -1.3493579626083374,
        -0.03392799571156502,
        0.6574727296829224,
        0.9999999403953552
      ]
    },
    {
      "timestamp": 2693.697970791,
      "pose": [
        -0.35126736760139465,
        -0.9341527223587036,
        -0.06300635635852814,
        0,
        -0.4992210566997528,
        0.12994027137756348,
        0.8566760420799255,
        0,
        -0.7920791506767273,
        0.33237648010253906,
        -0.5119925141334534,
        0,
        -0.9321161508560181,
        -0.10650268197059631,
        0.9944419264793396,
        1
      ],
      "planes": [],
      "id": 30
    },
    {
      "id": 31,
      "timestamp": 2694.197970791,
      "planes": [],
      "pose": [
        -0.3666195273399353,
        -0.9204456210136414,
        0.13553567230701447,
        0,
        0.09794259071350098,
        0.10668645054101944,
        0.9894570708274841,
        0,
        -0.9252012372016907,
        0.37602901458740234,
        0.0510375052690506,
        0,
        -0.46630167961120605,
        -0.09867848455905914,
        0.9701600074768066,
        1
      ]
    },
    {
      "timestamp": 2694.697970791,
      "pose": [
        -0.17312297224998474,
        -0.9087379574775696,
        0.379768043756485,
        0,
        0.901741087436676,
        0.008823735639452934,
        0.43218642473220825,
        0,
        -0.3960951566696167,
        0.4172738790512085,
        0.8179187774658203,
        0,
        -0.1599046289920807,
        -0.06505101919174194,
        0.5466314554214478,
        1
      ],
      "planes": [],
      "id": 32
    },
    {
      "planes": [],
      "timestamp": 2695.197970791,
      "pose": [
        -0.029784930869936943,
        -0.9753865599632263,
        0.21848058700561523,
        0,
        0.9766984581947327,
        0.01807696744799614,
        0.21385391056537628,
        0,
        -0.2125397026538849,
        0.2197592854499817,
        0.9521201252937317,
        0,
        -0.06696834415197372,
        0.030086584389209747,
        0.24915087223052979,
        0.9999999403953552
      ],
      "id": 33
    },
    {
      "id": 34,
      "pose": [
        -0.03366434574127197,
        -0.9694177508354187,
        0.24309644103050232,
        0,
        0.9945797324180603,
        -0.008552780374884605,
        0.103624127805233,
        0,
        -0.09837593138217926,
        0.24526725709438324,
        0.964451253414154,
        0,
        -0.03754641115665436,
        0.011116314679384232,
        0.13982176780700684,
        1
      ],
      "planes": [],
      "timestamp": 2695.697970791
    },
    {
      "pose": [
        -0.007895338349044323,
        -0.9735912680625916,
        0.22816137969493866,
        0,
        0.9978207349777222,
        0.007277205586433411,
        0.06558146327733994,
        0,
        -0.06550992280244827,
        0.22818192839622498,
        0.9714120626449585,
        0,
        -0.01184222660958767,
        0.009130418300628662,
        0.12705034017562866,
        1
      ],
      "planes": [],
      "id": 35,
      "timestamp": 2696.197970791
    },
    {
      "pose": [
        0.0017179596470668912,
        -0.9739763736724854,
        0.22664298117160797,
        0,
        0.9984485507011414,
        0.014284828677773476,
        0.053819410502910614,
        0,
        -0.05565639212727547,
        0.22619888186454773,
        0.9724897742271423,
        0,
        -0.04235386848449707,
        0.0254846028983593,
        0.12063075602054596,
        1
      ],
      "planes": [],
      "timestamp": 2696.697970791,
      "id": 36
    },
    {
      "timestamp": 2697.197970791,
      "planes": [],
      "pose": [
        0.011237546801567078,
        -0.976123571395874,
        0.21692492067813873,
        0,
        0.9981229305267334,
        0.024011189118027687,
        0.05633947253227234,
        0,
        -0.060202907770872116,
        0.21588462591171265,
        0.9745611548423767,
        0,
        -0.04803529381752014,
        0.02747083455324173,
        0.12293540686368942,
        0.9999999403953552
      ],
      "id": 37
    },
    {
      "pose": [
        -0.009545600973069668,
        -0.9741172790527344,
        0.22584155201911926,
        0,
        0.9915277361869812,
        0.020038558170199394,
        0.12834057211875916,
        0,
        -0.12954431772232056,
        0.22515325248241425,
        0.9656730890274048,
        0,
        -0.009892992675304413,
        0.024023178964853287,
        0.15419308841228485,
        1
      ],
      "timestamp": 2697.697970791,
      "id": 38,
      "planes": []
    },
    {
      "timestamp": 2698.197970791,
      "planes": [],
      "id": 39,
      "pose": [
        -0.2156437337398529,
        -0.9574570059776306,
        0.19176505506038666,
        0,
        0.7379587888717651,
        -0.03118952363729477,
        0.6741246581077576,
        0,
        -0.6394643783569336,
        0.28688547015190125,
        0.7132896184921265,
        0,
        0.22356189787387848,
        -0.022719210013747215,
        0.3219478130340576,
        1
      ]
    },
    {
      "id": 40,
      "timestamp": 2698.697970791,
      "pose": [
        -0.3874072730541229,
        -0.920199990272522,
        -0.056102555245161057,
        0,
        -0.03440582752227783,
        -0.04638107120990753,
        0.9983311295509338,
        0,
        -0.9212664365768433,
        0.3886910080909729,
        -0.01369187980890274,
        0,
        0.5487889647483826,
        -0.08063490688800812,
        0.7277048230171204,
        0.9999999403953552
      ],
      "planes": []
    },
    {
      "planes": [],
      "id": 41,
      "timestamp": 2699.197970791,
      "pose": [
        -0.6218687295913696,
        -0.7534297108650208,
        -0.21359463036060333,
        0,
        -0.2568756341934204,
        -0.06140889599919319,
        0.9644914269447327,
        0,
        -0.7397932410240173,
        0.6546543836593628,
        -0.1553494781255722,
        0,
        0.94505774974823,
        -0.1329268515110016,
        0.9086996912956238,
        0.9999998807907104
      ]
    },
    {
      "timestamp": 2699.697970791,
      "id": 42,
      "pose": [
        -0.708717942237854,
        -0.6435810327529907,
        -0.28900206089019775,
        0,
        -0.33032700419425964,
        -0.059250857681035995,
        0.9420050382614136,
        0,
        -0.623380184173584,
        0.7630810737609863,
        -0.1706000715494156,
        0,
        1.2501039505004883,
        -0.16745255887508392,
        0.9574605226516724,
        1
      ],
      "planes": []
    },
    {
      "planes": [],
      "pose": [
        -0.8240382671356201,
        -0.5496549010276794,
        -0.13725998997688293,
        0,
        -0.11378712207078934,
        -0.07676789909601212,
        0.990534782409668,
        0,
        -0.5549895167350769,
        0.8318570256233215,
        0.0007160438108257949,
        0,
        1.488885521888733,
        -0.220441073179245,
        0.9092463850975037,
        0.9999999403953552
      ],
      "id": 43,
      "timestamp": 2700.197970791
    },
    {
      "id": 44,
      "pose": [
        -0.8853497505187988,
        -0.46128442883491516,
        -0.05807231739163399,
        0,
        -0.03673843666911125,
        -0.055103641003370285,
        0.997804582118988,
        0,
        -0.4634717106819153,
        0.8855395317077637,
        0.03183912858366966,
        0,
        1.5783357620239258,
        -0.24344314634799957,
        0.853500247001648,
        1
      ],
      "timestamp": 2700.697970791,
      "planes": []
    },
    {
      "timestamp": 2701.197970791,
      "id": 45,
      "planes": [],
      "pose": [
        -0.8974982500076294,
        -0.439962774515152,
        -0.030487986281514168,
        0,
        -0.0270403940230608,
        -0.014103692956268787,
        0.9995348453521729,
        0,
        -0.44018813967704773,
        0.8979052305221558,
        0.0007612730260007083,
        0,
        1.5846251249313354,
        -0.20491784811019897,
        0.812667191028595,
        0.9999999403953552
      ]
    },
    {
      "id": 46,
      "pose": [
        -0.8949766159057617,
        -0.441138356924057,
        -0.06643614172935486,
        0,
        -0.06706235557794571,
        -0.014192000031471252,
        0.9976478815078735,
        0,
        -0.4410436153411865,
        0.8973268866539001,
        -0.016882270574569702,
        0,
        1.5838998556137085,
        -0.19273482263088226,
        0.8176136612892151,
        1
      ],
      "timestamp": 2701.697970791,
      "planes": []
    },
    {
      "id": 47,
      "planes": [],
      "pose": [
        -0.8809912204742432,
        -0.4688326120376587,
        -0.06364278495311737,
        0,
        -0.08445049077272415,
        0.023467417806386948,
        0.996151328086853,
        0,
        -0.4655347466468811,
        0.8829752802848816,
        -0.06026773899793625,
        0,
        1.5825049877166748,
        -0.1884807050228119,
        0.8092012405395508,
        1
      ],
      "timestamp": 2702.197970791
    },
    {
      "planes": [],
      "timestamp": 2702.697970791,
      "id": 48,
      "pose": [
        -0.863444447517395,
        -0.4959922730922699,
        -0.0919523686170578,
        0,
        -0.04187115654349327,
        -0.11118654161691666,
        0.9929171204566956,
        0,
        -0.5027031302452087,
        0.8611789345741272,
        0.07523562759160995,
        0,
        1.590227484703064,
        -0.18896342813968658,
        0.8196296691894531,
        1
      ]
    },
    {
      "id": 49,
      "timestamp": 2703.197970791,
      "planes": [],
      "pose": [
        -0.8850268125534058,
        -0.461845338344574,
        -0.058534443378448486,
        0,
        -0.04201991856098175,
        -0.04597221314907074,
        0.9980586171150208,
        0,
        -0.46363967657089233,
        0.8857682943344116,
        0.021279944106936455,
        0,
        1.6019351482391357,
        -0.19195294380187988,
        0.8146805763244629,
        1
      ]
    },
    {
      "timestamp": 2703.697970791,
      "pose": [
        -0.8798933625221252,
        -0.4734601378440857,
        -0.040286652743816376,
        0,
        -0.0351155623793602,
        -0.019760871306061745,
        0.9991878867149353,
        0,
        -0.47387176752090454,
        0.880593478679657,
        0.0007616427610628307,
        0,
        1.6033954620361328,
        -0.18375341594219208,
        0.8157631754875183,
        1
      ],
      "id": 50,
      "planes": []
    },
    {
      "id": 51,
      "pose": [
        -0.8601135611534119,
        -0.499235600233078,
        -0.10472994297742844,
        0,
        -0.10961471498012543,
        -0.019624944776296616,
        0.9937803745269775,
        0,
        -0.4981859028339386,
        0.8662440180778503,
        -0.03784388303756714,
        0,
        1.6021199226379395,
        -0.1775532066822052,
        0.8225557804107666,
        1
      ],
