{
  "map_id": "straight_209_occam 11861702202625",
  "pose_data": [
    {
      "id": 0,
      "pose": [
        0.9092669486999512,
        0.08578108251094818,
        -0.40727779269218445,
        0,
        -0.41621339321136475,
        0.18739883601665497,
        -0.8897460699081421,
        0,
        4.876754999827426e-09,
        0.9785311818122864,
        0.2060987949371338,
        0,
        0,
        0,
        0,
        1
      ],
      "planes": [],
      "timestamp": 11358.702202625
    },
    {
      "timestamp": 11359.202202625,
      "pose": [
        0.7372578382492065,
        0.14884312450885773,
        -0.6590117812156677,
        0,
        -0.6537630558013916,
        0.40322718024253845,
        -0.6403138041496277,
        0,
        0.1704251766204834,
        0.9029139280319214,
        0.3945905268192291,
        0,
        0,
        0,
        0,
        1
      ],
      "planes": [],
      "id": 1
    },
    {
      "pose": [
        0.7841982841491699,
        -0.06412230432033539,
        -0.6171882748603821,
        0,
        -0.4602700471878052,
        0.6069637537002563,
        -0.6478782892227173,
        0,
        0.4161544144153595,
        0.792138397693634,
        0.4464663863182068,
        0,
        0,
        0,
        0,
        1
      ],
      "id": 2,
      "planes": [],
      "timestamp": 11359.702202625
    },
    {
      "timestamp": 11360.202202625,
      "planes": [],
      "id": 3,
      "pose": [
        0.412275493144989,
        -0.08142906427383423,
        -0.9074129462242126,
        0,
        -0.6478397250175476,
        0.674090564250946,
        -0.35483184456825256,
        0,
        0.6405721306800842,
        0.7341466546058655,
        0.22515802085399628,
        0,
        0,
        0,
        0,
        1
      ]
    },
    {
      "timestamp": 11360.702202625,
      "pose": [
        -0.1727321892976761,
        0.022434979677200317,
        -0.9847131371498108,
        0,
        -0.6207196712493896,
        0.7737581729888916,
        0.12651140987873077,
        0,
        0.7647681832313538,
        0.6330835819244385,
        -0.1197272390127182,
        0,
        0,
        0,
        0,
        1
      ],
      "id": 4,
      "planes": []
    },
    {
      "timestamp": 11361.202202625,
      "pose": [
        -0.6866265535354614,
        0.015976369380950928,
        -0.7268347144126892,
        0,
        -0.17606642842292786,
        0.966343104839325,
        0.18756745755672455,
        0,
        0.7053683996200562,
        0.25676000118255615,
        -0.6607038974761963,
        0,
        0,
        0,
        0,
        1
      ],
      "planes": [],
      "id": 5
    },
    {
      "id": 6,
      "pose": [
        -0.8604385852813721,
        0.039444804191589355,
        -0.5080251693725586,
        0,
        -0.04488104581832886,
        0.9872577786445618,
        0.15266869962215424,
        0,
        0.5075737833976746,
        0.1541626900434494,
        -0.8477043509483337,
        0,
        0,
        0,
        0,
        1
      ],
      "timestamp": 11361.702202625,
      "planes": []
    },
    {
      "id": 7,
      "planes": [],
      "timestamp": 11362.202202625,
      "pose": [
        -0.8950932025909424,
        0.00906206015497446,
        -0.4457870125770569,
        0,
        -0.05254500359296799,
        0.9906828999519348,
        0.12564364075660706,
        0,
        0.4427722096443176,
        0.13588662445545197,
        -0.8862773776054382,
        0,
        0.0025038868188858032,
        -0.012790363281965256,
        0.03184272348880768,
        0.9999999403953552
      ]
    },
    {
      "pose": [
        -0.9015879034996033,
        0.003915706649422646,
        -0.4325781762599945,
        0,
        -0.057049039751291275,
        0.9901493191719055,
        0.12786556780338287,
        0,
        0.4288177490234375,
        0.13996019959449768,
        -0.8924833536148071,
        0,
        -0.15901857614517212,
        0.03385811671614647,
        -0.08622768521308899,
        0.9999998807907104
      ],
      "planes": [],
      "id": 8,
      "timestamp": 11362.702202625
    },
    {
      "planes": [],
      "pose": [
        -0.9051129221916199,
        0.0052159926854074,
        -0.4251392185688019,
        0,
        -0.056683629751205444,
        0.9895181655883789,
        0.13281860947608948,
        0,
        0.4213758111000061,
        0.1443142592906952,
        -0.8953300714492798,
        0,
        -0.16146621108055115,
        0.03411214426159859,
        -0.08825282007455826,
        1
      ],
      "timestamp": 11363.202202625,
      "id": 9
    },
    {
      "pose": [
        -0.9051674008369446,
        0.004053057637065649,
        -0.4250359535217285,
        0,
        -0.05428670346736908,
        0.9906632304191589,
        0.12505710124969482,
        0,
        0.4215744435787201,
        0.1362713873386383,
        -0.8964961171150208,
        0,
        -0.16319571435451508,
        0.034226447343826294,
        -0.08624161034822464,
        0.9999999403953552
      ],
      "planes": [],
      "id": 10,
      "timestamp": 11363.702202625
    },
    {
      "timestamp": 11364.202202625,
      "pose": [
        -0.9068468809127808,
        0.00205561937764287,
        -0.42145517468452454,
        0,
        -0.05476502701640129,
        0.9909350872039795,
        0.12267136573791504,
        0,
        0.4178869426250458,
        0.13432513177394867,
        -0.8985139727592468,
        0,
        -0.16140276193618774,
        0.03688468411564827,
        -0.08720215409994125,
        0.9999998807907104
      ],
      "id": 11,
      "planes": []
    },
    {
      "id": 12,
      "pose": [
        -0.9006999731063843,
        0.005782214924693108,
        -0.43440330028533936,
        0,
        -0.05624345317482948,
        0.989944577217102,
        0.12979310750961304,
        0,
        0.4307857155799866,
        0.14133694767951965,
        -0.8913179039955139,
        0,
        -0.15555179119110107,
        0.035956501960754395,
        -0.08555268496274948,
        0.9999999403953552
      ],
      "timestamp": 11364.702202625,
      "planes": []
    },
    {
      "planes": [],
      "timestamp": 11365.202202625,
      "id": 13,
      "pose": [
        -0.8885518908500671,
        0.00675760954618454,
        -0.4587263762950897,
        0,
        -0.058111995458602905,
        0.990179717540741,
        0.12714938819408417,
        0,
        0.4550808370113373,
        0.1396363079547882,
        -0.8794335126876831,
        0,
        -0.14129738509655,
        0.03459400311112404,
        -0.07936114817857742,
        0.9999998807907104
      ]
    },
    {
      "planes": [],
      "id": 14,
      "pose": [
        -0.8828669190406799,
        -0.00042509156628511846,
        -0.4696231186389923,
        0,
        -0.06557934731245041,
        0.9903131723403931,
        0.12238933891057968,
        0,
        0.4650219678878784,
        0.13885104656219482,
        -0.874342679977417,
        0,
        -0.13598312437534332,
        0.03306181728839874,
        -0.07017793506383896,
        0.9999999403953552
      ],
      "timestamp": 11365.702202625
    },
    {
      "planes": [],
      "timestamp": 11366.202202625,
      "id": 15,
      "pose": [
        -0.8975427150726318,
        -0.00485191959887743,
        -0.4409008324146271,
        0,
        -0.0615425631403923,
        0.9915300011634827,
        0.11437097936868668,
        0,
        0.43661147356033325,
        0.12978698313236237,
        -0.8902391791343689,
        0,
        -0.16193100810050964,
        0.03475760668516159,
        -0.08071836829185486,
        0.9999999403953552
      ]
    },
    {
      "planes": [],
      "timestamp": 11366.702202625,
      "pose": [
        -0.9208000898361206,
        -0.0059611001051962376,
        -0.3899891674518585,
        0,
        -0.05629594251513481,
        0.9914444088935852,
        0.11776534467935562,
        0,
        0.38595065474510193,
        0.1303931474685669,
        -0.9132578372955322,
        0,
        -0.18630844354629517,
        0.03325547277927399,
        -0.08829084783792496,
        0.9999999403953552
      ],
      "id": 16
    },
    {
      "pose": [
        -0.9940888285636902,
        -0.015648983418941498,
        -0.10743622481822968,
        0,
        -0.04338118061423302,
        0.9643830060958862,
        0.2609279751777649,
        0,
        0.09952644258737564,
        0.26404622197151184,
        -0.9593613147735596,
        0,
        -0.08195207267999649,
        -0.02001987397670746,
        -0.03181563690304756,
        0.9999998807907104
      ],
      "timestamp": 11367.202202625,
      "planes": [],
      "id": 17
    },
    {
      "pose": [
        -0.906029224395752,
        -0.038650888949632645,
        0.4214465320110321,
        0,
        0.19048582017421722,
        0.8520075678825378,
        0.4876457154750824,
        0,
        -0.3779235780239105,
        0.5221007466316223,
        -0.7645813822746277,
        0,
        0.3737334907054901,
        -0.169791579246521,
        0.06209370493888855,
        0.9999999403953552
      ],
      "timestamp": 11367.702202625,
      "id": 18,
      "planes": []
    },
    {
      "id": 19,
      "pose": [
        -0.5866573452949524,
        -0.08813551813364029,
        0.805025041103363,
        0,
        0.47939255833625793,
        0.7633829712867737,
        0.4329310357570648,
        0,
        -0.6526990532875061,
        0.6399050354957581,
        -0.40559276938438416,
        0,
        0.8131563663482666,
        -0.2502171993255615,
        0.1506543904542923,
        0.9999999403953552
      ],
      "timestamp": 11368.202202625,
      "planes": []
    },
    {
      "id": 20,
      "timestamp": 11368.702202625,
      "planes": [],
      "pose": [
        -0.5665491223335266,
        -0.07927436381578445,
        0.8202058672904968,
        0,
        0.38476648926734924,
        0.8547408580780029,
        0.34838593006134033,
        0,
        -0.7286815047264099,
        0.5129654407501221,
        -0.4537505805492401,
        0,
        1.125905990600586,
        -0.17543457448482513,
        0.44059064984321594,
        0.9999998211860657
      ]
    },
    {
      "id": 21,
      "planes": [],
      "pose": [
        -0.6086906790733337,
        -0.09109879285097122,
        0.7881602644920349,
        0,
        0.22023449838161469,
        0.9349486231803894,
        0.2781507670879364,
        0,
        -0.7622286081314087,
        0.34288784861564636,
        -0.5490314364433289,
        0,
        1.415476679801941,
        -0.06392072886228561,
        0.8142432570457458,
        0.9999999403953552
      ],
      "timestamp": 11369.202202625
    },
    {
      "planes": [],
      "id": 22,
      "timestamp": 11369.702202625,
      "pose": [
        -0.41017135977745056,
        -0.001114506390877068,
        0.9120076894760132,
        0,
        0.20749694108963013,
        0.9736593961715698,
        0.09451065212488174,
        0,
        -0.8880903124809265,
        0.2280043661594391,
        -0.3991360068321228,
        0,
        1.6058721542358398,
        -0.01703474670648575,
        1.1314560174942017,
        0.9999999403953552
      ]
    },
    {
      "timestamp": 11370.202202625,
      "id": 23,
      "pose": [
        -0.37822970747947693,
        -0.022287391126155853,
        0.9254434108734131,
        0,
        0.13046008348464966,
        0.9884493350982666,
        0.07712393999099731,
        0,
        -0.9164729118347168,
        0.14990398287773132,
        -0.3709532916545868,
        0,
        1.8145350217819214,
        -0.0016518756747245789,
        1.3490393161773682,
        0.9999999403953552
      ],
      "planes": []
    },
    {
      "id": 24,
      "timestamp": 11370.702202625,
      "pose": [
        -0.22775214910507202,
        -0.0010930944699794054,
        0.9737185835838318,
        0,
        0.16142436861991882,
        0.9861195087432861,
        0.03886407986283302,
        0,
        -0.9602453708648682,
        0.16603325307369232,
        -0.2244143784046173,
        0,
        1.91627037525177,
        0.0008510947227478027,
        1.4712358713150024,
        0.9999999403953552
      ],
      "planes": []
    },
    {
      "pose": [
        -0.19957636296749115,
        -0.020527943968772888,
        0.9796671867370605,
        0,
        0.16610804200172424,
        0.9846019744873047,
        0.05447063967585564,
        0,
        -0.9657005071640015,
        0.17360161244869232,
        -0.1930934190750122,
        0,
        1.9194062948226929,
        -0.008497130125761032,
        1.50869882106781,
        0.9999999403953552
      ],
      "id": 25,
      "timestamp": 11371.202202625,
      "planes": []
    },
    {
      "id": 26,
      "pose": [
        -0.2270364910364151,
        -0.02865152433514595,
        0.9734646677970886,
        0,
        0.17426954209804535,
        0.9822384119033813,
        0.06955381482839584,
        0,
        -0.958167314529419,
        0.18543647229671478,
        -0.21801094710826874,
        0,
        1.9204493761062622,
        -0.013791359961032867,
        1.4939632415771484,
        0.9999999403953552
      ],
      "planes": [],
      "timestamp": 11371.702202625
    },
    {
      "id": 27,
      "planes": [],
      "timestamp": 11372.202202625,
      "pose": [
        -0.23658987879753113,
        -0.026621725410223007,
        0.9712448120117188,
        0,
        0.17426052689552307,
        0.982252836227417,
        0.06937236338853836,
        0,
        -0.9558548331260681,
        0.1856624037027359,
        -0.2277519553899765,
        0,
        1.926266074180603,
        -0.024700578302145004,
        1.4858537912368774,
        0.9999998807907104
      ]
    },
    {
      "planes": [],
      "id": 28,
      "timestamp": 11372.702202625,
      "pose": [
        -0.23184038698673248,
        -0.02408456616103649,
        0.9724556803703308,
        0,
        0.1561155468225479,
        0.9858139157295227,
        0.061634473502635956,
        0,
        -0.9601448178291321,
        0.16610479354858398,
        -0.2247915416955948,
        0,
        1.9275728464126587,
        -0.036827754229307175,
        1.4777779579162598,
        0.9999999403953552
      ]
    },
    {
      "timestamp": 11373.202202625,
      "id": 29,
      "pose": [
        -0.23122330009937286,
        -0.017971841618418694,
        0.9727346301078796,
        0,
        0.15308541059494019,
        0.9867023229598999,
        0.05461898073554039,
        0,
        -0.9607812762260437,
        0.1615406721830368,
        -0.22539736330509186,
        0,
        1.9431737661361694,
        -0.03920534998178482,
        1.4835309982299805,
        0.9999998211860657
      ],
      "planes": []
    },
    {
      "planes": [],
      "pose": [
        -0.08858392387628555,
        0.005605977028608322,
        0.9960529208183289,
        0,
        0.21076524257659912,
        0.977446973323822,
        0.013243142515420914,
        0,
        -0.9735147953033447,
        0.21110641956329346,
        -0.08776763826608658,
        0,
        1.9790443181991577,
        -0.029921304434537888,
        1.4687741994857788,
        0.9999999403953552
      ],
      "timestamp": 11373.702202625,
      "id": 30
    },
    {
      "id": 31,
      "timestamp": 11374.202202625,
      "pose": [
        0.332082062959671,
        0.10287080705165863,
        0.9376242160797119,
        0,
        0.32067546248435974,
        0.9225146770477295,
        -0.2147880345582962,
        0,
        -0.8870675563812256,
        0.3720002770423889,
        0.27336248755455017,
        0,
        2.0338494777679443,
        -0.09222656488418579,
        1.265028476715088,
        0.9999998807907104
      ],
      "planes": []
    },
    {
      "id": 32,
      "pose": [
        0.46548235416412354,
        0.1216711774468422,
        0.8766540288925171,
        0,
        0.26712334156036377,
        0.9250013828277588,
        -0.2702174484729767,
        0,
        -0.843783974647522,
        0.35995611548423767,
        0.3980706036090851,
        0,
        2.2064106464385986,
        -0.06624297052621841,
        0.9211613535881042,
        0.9999998807907104
      ],
      "timestamp": 11374.702202625,
      "planes": []
    },
    {
      "timestamp": 11375.202202625,
      "pose": [
        0.5374688506126404,
        0.1417701542377472,
        0.8312812447547913,
        0,
        0.22445259988307953,
        0.9261578917503357,
        -0.3030717670917511,
        0,
        -0.8128643035888672,
        0.34947478771209717,
        0.46596038341522217,
        0,
        2.543031930923462,
        -0.07699292153120041,
        0.7080398797988892,
        0.9999998807907104
      ],
      "id": 33,
      "planes": []
    },
    {
      "id": 34,
      "timestamp": 11375.702202625,
      "planes": [],
      "pose": [
        0.4025185704231262,
        0.1003284826874733,
        0.9098972678184509,
        0,
        0.25700289011001587,
        0.9416131377220154,
        -0.21751807630062103,
        0,
        -0.8785945177078247,
        0.3214012384414673,
        0.35323211550712585,
        0,
        2.9960403442382812,
        -0.07022321224212646,
        0.5444024801254272,
        0.9999998807907104
      ]
    },
    {
      "timestamp": 11376.202202625,
      "pose": [
        0.10497301071882248,
        0.07527728378772736,
        0.9916219115257263,
        0,
        0.3594144582748413,
        0.9268596768379211,
        -0.10840852558612823,
        0,
        -0.9272550344467163,
        0.3677831292152405,
        0.07023941725492477,
        0,
        3.5072109699249268,
        -0.06810126453638077,
        0.4601302742958069,
        0.9999999403953552
      ],
      "id": 35,
      "planes": []
    },
    {
      "timestamp": 11376.702202625,
      "pose": [
        0.029168734326958656,
        -0.07753168046474457,
        0.9965630769729614,
        0,
        0.44180193543434143,
        0.8953174948692322,
        0.056723643094301224,
        0,
        -0.8966383934020996,
        0.4386288523674011,
        0.06036888808012009,
        0,
        4.061975479125977,
        -0.11262547969818115,
        0.5255588889122009,
        0.9999998807907104
      ],
      "planes": [],
      "id": 36
    },
    {
      "planes": [],
      "timestamp": 11377.202202625,
      "pose": [
        -0.2013385146856308,
        -0.12532496452331543,
        0.9714712500572205,
        0,
        0.5596148371696472,
        0.7992687225341797,
        0.2190907746553421,
        0,
        -0.8039242625236511,
        0.5877610445022583,
        -0.09078990668058395,
        0,
        4.6697893142700195,
        -0.18957224488258362,
        0.5668551921844482,
        0.9999999403953552
      ],
      "id": 37
    },
    {
      "pose": [
        -0.12012606114149094,
        -0.11372142285108566,
        0.9862236976623535,
        0,
        0.5310571789741516,
        0.8319732546806335,
        0.16061973571777344,
        0,
        -0.8387776613235474,
        0.5430357456207275,
        -0.03954906016588211,
        0,
        5.25161075592041,
        -0.20208382606506348,
        0.6716688871383667,
        0.9999998807907104
      ],
      "planes": [],
      "id": 38,
      "timestamp": 11377.702202625
    },
    {
      "id": 39,
      "pose": [
        -0.08019552379846573,
        -0.03430895879864693,
        0.9961885809898376,
        0,
        0.523313045501709,
        0.8491462469100952,
        0.07137272506952286,
        0,
        -0.8483585715293884,
        0.5270421504974365,
        -0.05014341324567795,
        0,
        5.861912250518799,
        -0.2215513288974762,
        0.7526699900627136,
        0.9999999403953552
      ],
      "planes": [],
      "timestamp": 11378.202202625
    },
    {
      "id": 40,
      "timestamp": 11378.702202625,
      "planes": [],
      "pose": [
        -0.18477395176887512,
        -0.0953819751739502,
        0.9781414866447449,
        0,
        0.4260339140892029,
        0.8891264200210571,
        0.16718094050884247,
        0,
        -0.8856375813484192,
        0.4476120173931122,
        -0.12365152686834335,
        0,
        6.4818949699401855,
        -0.2035202980041504,
        0.9531785845756531,
        0.9999999403953552
      ]
    },
    {
      "id": 41,
      "timestamp": 11379.202202625,
      "pose": [
        -0.045327331870794296,
        -0.06519044935703278,
        0.9968428611755371,
        0,
        0.4866374731063843,
        0.8700225353240967,
        0.07902464270591736,
        0,
        -0.8724274039268494,
        0.48868298530578613,
        -0.00771165220066905,
        0,
        7.105018138885498,
        -0.21659916639328003,
        1.037795066833496,
        0.9999999403953552
      ],
      "planes": []
    },
    {
      "pose": [
        -0.20038940012454987,
        -0.11632344126701355,
        0.9727861285209656,
        0,
        0.43675705790519714,
        0.878194272518158,
        0.19498230516910553,
        0,
        -0.8769763708114624,
        0.4639435112476349,
        -0.12517577409744263,
        0,
        7.742159843444824,
        -0.1858637034893036,
        1.2097864151000977,
        0.9999999403953552
      ],
      "planes": [],
      "timestamp": 11379.702202625,
      "id": 42
    },
    {
      "id": 43,
      "pose": [
        -0.029938776046037674,
        -0.04293493553996086,
        0.9986292123794556,
        0,
        0.4341205060482025,
        0.8993710875511169,
        0.05168231204152107,
        0,
        -0.9003573060035706,
        0.435072660446167,
        -0.008287148550152779,
        0,
        8.32909870147705,
        -0.17436733841896057,
        1.286359429359436,
        0.9999999403953552
      ],
      "timestamp": 11380.202202625,
      "planes": []
    },
    {
      "timestamp": 11380.702202625,
      "id": 44,
      "planes": [],
      "pose": [
        -0.11039067059755325,
        -0.08961272239685059,
        0.9898400902748108,
        0,
        0.390715628862381,
        0.9118300080299377,
        0.12612436711788177,
        0,
        -0.9138683080673218,
        0.4006688892841339,
        -0.06564448028802872,
        0,
        8.942795753479004,
        -0.1467660665512085,
        1.4194732904434204,
        0.9999999403953552
      ]
    },
    {
      "planes": [],
      "timestamp": 11381.202202625,
      "id": 45,
      "pose": [
        0.044726911932229996,
        -0.04052729532122612,
        0.9981768727302551,
        0,
        0.39526495337486267,
        0.9183585047721863,
        0.01957530528306961,
        0,
        -0.9174776077270508,
        0.39366868138313293,
        0.05709437280893326,
        0,
        9.519796371459961,
        -0.13595479726791382,
        1.5319440364837646,
        0.9999998807907104
      ]
    },
    {
      "id": 46,
      "timestamp": 11381.702202625,
      "pose": [
        0.256245493888855,
        -0.03828173130750656,
        0.9658533334732056,
        0,
        0.29099032282829285,
        0.9559178948402405,
        -0.0393131859600544,
        0,
        -0.9217715859413147,
        0.2911277711391449,
        0.25608935952186584,
        0,
        10.077765464782715,
        -0.08373724669218063,
        1.5120357275009155,
        0.9999998807907104
      ],
      "planes": []
    },
    {
      "pose": [
        0.5881847143173218,
        -0.034415267407894135,
        0.80799400806427,
        0,
        0.14556320011615753,
        0.987282395362854,
        -0.06391191482543945,
        0,
        -0.7955188155174255,
        0.15520617365837097,
        0.5857140421867371,
        0,
        10.524076461791992,
        -0.026452090591192245,
        1.4930038452148438,
        0.9999998807907104
      ],
      "id": 47,
      "planes": [],
      "timestamp": 11382.202202625
    },
    {
      "id": 48,
      "pose": [
        0.7727237343788147,
        -0.014305336400866508,
        0.6345812678337097,
        0,
        0.10958313196897507,
        0.9877409934997559,
        -0.11117175966501236,
        0,
        -0.6252115964889526,
        0.1554444432258606,
        0.764818549156189,
        0,
        10.889930725097656,
        -0.039414796978235245,
        1.348733901977539,
        0.9999998807907104
      ],
      "planes": [],
      "timestamp": 11382.702202625
    },
    {
      "planes": [],
      "id": 49,
      "timestamp": 11383.202202625,
      "pose": [
        0.9052335023880005,
        -0.014808637090027332,
        0.42465630173683167,
        0,
        0.07163926959037781,
        0.9904050827026367,
        -0.11817488819360733,
        0,
        -0.41883179545402527,
        0.13739793002605438,
        0.8976088166236877,
        0,
        11.144935607910156,
        -0.010226883925497532,
        1.2499394416809082,
        0.9999998211860657
      ]
    },
    {
      "timestamp": 11383.702202625,
      "id": 50,
      "planes": [],
      "pose": [
        0.9888473749160767,
        0.00825592689216137,
        0.1487037092447281,
        0,
        0.012164678424596786,
        0.9906488656997681,
        -0.1358925849199295,
        0,
        -0.1484350860118866,
        0.1361859291791916,
        0.9795001149177551,
        0,
        11.314264297485352,
        0.003930889070034027,
        1.2680295705795288,
        0.9999999403953552
      ]
    },
    {
      "planes": [],
      "id": 51,
      "timestamp": 11384.202202625,
      "pose": [
        0.9955750107765198,
        -0.006928561720997095,
        0.09371471405029297,
        0,
        0.017065206542611122,
        0.9940260052680969,
        -0.10780088603496552,
        0,
        -0.09240792691707611,
        0.10892311483621597,
        0.9897457361221313,
        0,
        11.36556625366211,
        0.008696023374795914,
        1.277010440826416,
        0.9999999403953552
      ]
    },
    {
      "planes": [],
      "timestamp": 11384.702202625,
      "id": 52,
      "pose": [
        0.9901350140571594,
        -0.017961446195840836,
        0.13896018266677856,
        0,
        0.03183033689856529,
        0.9946538805961609,
        -0.098236083984375,
        0,
        -0.13645286858081818,
        0.1016901284456253,
        0.9854135513305664,
        0,
        11.320801734924316,
        0.0110628642141819,
        1.2425849437713623,
        0.9999999403953552
      ]
    },
    {
      "pose": [
        0.9761037230491638,
        -0.005968913901597261,
        0.21722327172756195,
        0,
        0.029802700504660606,
        0.9938541054725647,
        -0.10661056637763977,
        0,
        -0.21525190770626068,
        0.11053679138422012,
        0.9702826142311096,
        0,
        11.281591415405273,
        0.007643144577741623,
        1.2157461643218994,
        0.9999999403953552
      ],
      "planes": [],
      "timestamp": 11385.202202625,
      "id": 53
    },
    {
      "timestamp": 11385.702202625,
      "planes": [],
      "id": 54,
      "pose": [
        0.9713495373725891,
        -0.01253362838178873,
        0.2373243272304535,
        0,
        0.037750035524368286,
        0.9940668940544128,
        -0.10200896114110947,
        0,
        -0.2346377670764923,
        0.10804534703493118,
        0.966059684753418,
        0,
        11.280301094055176,
        0.008150627836585045,
        1.2132879495620728,
        0.9999998807907104
      ]
    },
    {
      "id": 55,
      "planes": [],
      "pose": [
        0.97322678565979,
        -0.015904081985354424,
        0.22929635643959045,
        0,
        0.0412621833384037,
        0.993485689163208,
        -0.10622487217187881,
        0,
        -0.2261132448911667,
        0.1128421351313591,
        0.9675431251525879,
        0,
        11.288591384887695,
        0.007462911307811737,
        1.2108954191207886,
        0.9999999403953552
      ],
      "timestamp": 11386.202202625
    },
    {
      "planes": [],
      "pose": [
        0.9757703542709351,
        -0.015844816341996193,
        0.21822267770767212,
        0,
        0.04234439507126808,
        0.9921934604644775,
        -0.11729888617992401,
        0,
        -0.21466057002544403,
        0.12369725853204727,
        0.968824028968811,
        0,
        11.297235488891602,
        0.005247961729764938,
        1.2026145458221436,
        0.9999999403953552
      ],
      "id": 56,
      "timestamp": 11386.702202625
    },
    {
      "planes": [],
      "timestamp": 11387.202202625,
      "id": 57,
      "pose": [
        0.9787636399269104,
        -0.023734362795948982,
        0.20361313223838806,
        0,
        0.050471995025873184,
        0.9905987977981567,
        -0.1271476000547409,
        0,
        -0.19868114590644836,
        0.1347241997718811,
        0.97076016664505,
        0,
        11.30483341217041,
        0.004094213247299194,
        1.1869313716888428,
        0.9999999403953552
      ]
    },
    {
      "id": 58,
      "timestamp": 11387.702202625,
      "pose": [
        0.9856011271476746,
        -0.045205678790807724,
        0.16293202340602875,
        0,
        0.06481568515300751,
        0.9909996390342712,
        -0.11712606251239777,
        0,
        -0.1561708152294159,
        0.12600009143352509,
        0.9796605110168457,
        0,
        11.337121963500977,
        0.013200363144278526,
        1.1824771165847778,
        0.9999998807907104
      ],
      "planes": []
    },
    {
      "pose": [
        0.9451824426651001,
        -0.062223151326179504,
        0.3205595910549164,
        0,
        0.11981170624494553,
        0.9792941808700562,
        -0.16318069398403168,
        0,
        -0.3037685751914978,
        0.19264228641986847,
        0.9330668449401855,
        0,
        11.551469802856445,
        -0.017166312783956528,
        1.2110176086425781,
        0.9999999403953552
      ],
      "timestamp": 11388.202202625,
      "planes": [],
      "id": 59
    },
    {
      "planes": [],
      "timestamp": 11388.702202625,
      "pose": [
        0.2933010160923004,
        -0.048018645495176315,
        0.954813539981842,
        0,
        0.3695039749145508,
        0.9268182516098022,
        -0.06689402461051941,
        0,
        -0.8817263841629028,
        0.372427374124527,
        0.2895798087120056,
        0,
        12.064956665039062,
        -0.10511618107557297,
        1.346346378326416,
        0.9999999403953552
      ],
      "id": 60
    },
    {
      "planes": [],
      "timestamp": 11389.202202625,
      "id": 61,
      "pose": [
        -0.7385009527206421,
        0.004261210095137358,
        0.674238920211792,
        0,
        0.21440280973911285,
        0.9495605826377869,
        0.22883640229701996,
        0,
        -0.6392556428909302,
        0.3135546147823334,
        -0.7021650075912476,
        0,
        12.411311149597168,
        -0.06903659552335739,
        1.7480331659317017,
        0.9999999403953552
      ]
    },
    {
      "planes": [],
      "pose": [
        -0.9330174326896667,
        -0.047744572162628174,
        0.356649786233902,
        0,
        0.014547963626682758,
        0.9853426218032837,
        0.16996581852436066,
        0,
        -0.3595372438430786,
        0.16376954317092896,
        -0.918647289276123,
        0,
        12.5514497756958,
        -0.0010477341711521149,
        2.0426857471466064,
        0.9999999403953552
      ],
      "id": 62,
      "timestamp": 11389.702202625
    },
    {
      "timestamp": 11390.202202625,
      "pose": [
        -0.9998831748962402,
        -0.010139880701899529,
        0.011439668014645576,
        0,
        -0.007733587175607681,
        0.981045126914978,
        0.19362474977970123,
        0,
        -0.01318616233766079,
        0.19351361691951752,
        -0.9810090065002441,
        0,
        12.698830604553223,
        -0.008946897462010384,
        2.2449567317962646,
        0.9999998807907104
      ],
      "planes": [],
      "id": 63
    },
    {
      "id": 64,
      "pose": [
        -0.9863563776016235,
        -0.032590195536613464,
        -0.1613660752773285,
        0,
        -0.06781121343374252,
        0.9736209511756897,
        0.21786180138587952,
        0,
        0.15000925958156586,
        0.2258317470550537,
        -0.9625473618507385,
        0,
        12.84329891204834,
        -0.0174711961299181,
        2.3113391399383545,
        0.9999998807907104
      ],
      "timestamp": 11390.702202625,
      "planes": []
    },
    {
      "id": 65,
      "planes": [],
      "timestamp": 11391.202202625,
      "pose": [
        -0.9758608937263489,
        -0.003993696998804808,
        -0.2183564454317093,
        0,
        -0.04359286278486252,
        0.9832741022109985,
        0.17683778703212738,
        0,
        0.21399801969528198,
        0.18208782374858856,
        -0.9597129821777344,
        0,
        12.846851348876953,
        -0.015768397599458694,
        2.3208119869232178,
        0.9999998807907104
      ]
    },
    {
      "planes": [],
      "timestamp": 11391.702202625,
      "pose": [
        -0.9745007157325745,
        0.002054320415481925,
        -0.22437475621700287,
        0,
        -0.03870873898267746,
        0.983427107334137,
        0.17712321877479553,
        0,
        0.22102010250091553,
        0.18129195272922516,
        -0.9582710862159729,
        0,
        12.853614807128906,
        -0.020748969167470932,
        2.325911521911621,
        0.9999999403953552
      ],
      "id": 66
    },
    {
      "planes": [],
      "id": 67,
      "timestamp": 11392.202202625,
      "pose": [
        -0.9706702828407288,
        -0.006284222938120365,
        -0.24033279716968536,
        0,
        -0.049351729452610016,
        0.9835777878761292,
        0.17360606789588928,
        0,
        0.23529501259326935,
        0.18037505447864532,
        -0.9550398588180542,
        0,
        12.853050231933594,
        -0.023077309131622314,
        2.3254051208496094,
        0.9999998807907104
      ]
    },
    {
      "timestamp": 11392.702202625,
      "id": 68,
      "planes": [],
      "pose": [
        -0.9689452052116394,
        -0.009612897410988808,
        -0.24708859622478485,
        0,
        -0.05387374758720398,
        0.9834468364715576,
        0.1730024665594101,
        0,
        0.24133546650409698,
        0.18094147741794586,
        -0.9534240365028381,
        0,
        12.853510856628418,
        -0.02364606037735939,
        2.3340821266174316,
        0.9999999403953552
      ]
    },
    {
      "pose": [
        -0.9680913686752319,
        -0.0058594015426933765,
        -0.25052884221076965,
        0,
        -0.051010861992836,
        0.9834029674530029,
        0.17411577701568604,
        0,
        0.245350643992424,
        0.18133965134620667,
        -0.9523230195045471,
        0,
        12.853703498840332,
        -0.024930376559495926,
        2.3445262908935547,
        0.9999999403953552
      ],
      "timestamp": 11393.202202625,
      "id": 69,
      "planes": []
    },
    {
      "id": 70,
      "pose": [
        -0.9671016931533813,
        -0.003286809427663684,
        -0.2543689012527466,
        0,
        -0.048311199992895126,
        0.9840925335884094,
        0.1709616333246231,
        0,
        0.24976065754890442,
        0.1776261180639267,
        -0.9518764615058899,
        0,
        12.856969833374023,
        -0.02478599175810814,
        2.3466696739196777,
        0.9999999403953552
      ],
      "planes": [],
      "timestamp": 11393.702202625
    },
    {
      "id": 71,
      "timestamp": 11394.202202625,
      "pose": [
        -0.9622673988342285,
        0.004186996724456549,
        -0.27207326889038086,
        0,
        -0.04333114996552467,
        0.9847643971443176,
        0.16840818524360657,
        0,
        0.2686331868171692,
        0.17384293675422668,
        -0.947425365447998,
        0,
        12.864008903503418,
        -0.024219511076807976,
        2.347445487976074,
        0.9999998807907104
      ],
      "planes": []
    },
    {
      "planes": [],
      "pose": [
        -0.984865128993988,
        0.024821249768137932,
        -0.17153599858283997,
        0,
        -0.02193988487124443,
        0.9638777375221252,
        0.26543980836868286,
        0,
        0.1719282865524292,
        0.2651858329772949,
        -0.94874507188797,
        0,
        12.964442253112793,
        -0.05909304693341255,
        2.3474931716918945,
        0.9999999403953552
      ],
      "id": 72,
      "timestamp": 11394.702202625
    },
    {
      "timestamp": 11395.202202625,
      "id": 73,
      "planes": [],
      "pose": [
        -0.8109542727470398,
        -0.013007300905883312,
        0.5849649310112,
        0,
        0.33131808042526245,
        0.8138217329978943,
        0.47741228342056274,
        0,
        -0.4822670817375183,
        0.5809689164161682,
        -0.6556627154350281,
        0,
        13.327885627746582,
        -0.20136792957782745,
        2.2506940364837646,
        0.9999998807907104
      ]
    },
    {
      "pose": [
        -0.05532105267047882,
        -0.12827618420124054,
        0.9901943206787109,
        0,
        0.5989698767662048,
        0.7891897559165955,
        0.13570056855678558,
        0,
        -0.7988584637641907,
        0.6006035208702087,
        0.033174775540828705,
        0,
        13.740164756774902,
        -0.21516811847686768,
        1.988972783088684,
        0.9999998807907104
      ],
      "planes": [],
      "id": 74,
      "timestamp": 11395.702202625
    },
    {
      "planes": [],
      "id": 75,
      "pose": [
        0.43841752409935,
        -0.06561729311943054,
        0.89637291431427,
        0,
        0.5344865322113037,
        0.8208473920822144,
        -0.20132966339588165,
        0,
        -0.722574770450592,
        0.5673656463623047,
        0.39494550228118896,
        0,
        14.101268768310547,
        -0.21413156390190125,
        1.6643813848495483,
        0.9999999403953552
      ],
      "timestamp": 11396.202202625
    },
    {
      "timestamp": 11396.702202625,
      "id": 76,
      "planes": [],
      "pose": [
        0.3828752338886261,
        -0.08090584725141525,
        0.920250415802002,
        0,
        0.5044490694999695,
        0.852838397026062,
        -0.13489963114261627,
        0,
        -0.7739107012748718,
        0.5158690810203552,
        0.3673436641693115,
        0,
        14.600042343139648,
        -0.20265942811965942,
        1.5190904140472412,
        0.9999999403953552
      ]
    },
    {
      "timestamp": 11397.202202625,
      "id": 77,
      "planes": [],
      "pose": [
        0.2318742722272873,
        -0.050447601824998856,
        0.9714367389678955,
        0,
        0.45737284421920776,
        0.8870330452919006,
        -0.06310682743787766,
        0,
        -0.8585129976272583,
        0.4589415490627289,
        0.2287534773349762,
        0,
        15.11217975616455,
        -0.15187451243400574,
        1.430677056312561,
        0.9999999403953552
      ]
    },
    {
      "pose": [
        -0.5418574810028076,
        -0.057005733251571655,
        0.8385348916053772,
        0,
        0.35193175077438354,
        0.8906294703483582,
        0.28796398639678955,
        0,
        -0.7632395029067993,
        0.45114246010780334,
